{"KF_All_VOC_info": {"co_occurrence_matrix": [[5690.0, 60.0, 98.0, 388.0, 51.0, 235.0, 2248.0, 5.0, 323.0, 15.0, 51.0, 9.0, 10.0, 54.0, 8539.0, 45.0, 35.0, 0.0, 13.0, 20.0], [60.0, 13849.0, 339.0, 1246.0, 783.0, 1522.0, 10502.0, 124.0, 1688.0, 296.0, 442.0, 331.0, 352.0, 3144.0, 46063.0, 725.0, 105.0, 75.0, 279.0, 77.0], [98.0, 339.0, 43341.0, 4035.0, 307.0, 193.0, 3686.0, 139.0, 1310.0, 1678.0, 382.0, 265.0, 572.0, 121.0, 16194.0, 355.0, 875.0, 69.0, 88.0, 56.0], [388.0, 1246.0, 4035.0, 35692.0, 456.0, 311.0, 6346.0, 22.0, 3236.0, 529.0, 522.0, 497.0, 486.0, 133.0, 37506.0, 384.0, 92.0, 34.0, 285.0, 25.0], [51.0, 783.0, 307.0, 456.0, 64953.0, 60.0, 1492.0, 889.0, 23444.0, 75.0, 12890.0, 598.0, 137.0, 357.0, 58126.0, 4483.0, 105.0, 1866.0, 62.0, 2117.0], [235.0, 1522.0, 193.0, 311.0, 60.0, 5280.0, 14214.0, 5.0, 521.0, 109.0, 98.0, 119.0, 195.0, 1371.0, 31631.0, 322.0, 149.0, 4.0, 180.0, 29.0], [2248.0, 10502.0, 3686.0, 6346.0, 1492.0, 14214.0, 121171.0, 256.0, 5648.0, 1324.0, 1558.0, 1734.0, 2204.0, 14938.0, 175606.0, 3481.0, 2354.0, 153.0, 2441.0, 442.0], [5.0, 124.0, 139.0, 22.0, 889.0, 5.0, 256.0, 985.0, 1065.0, 18.0, 282.0, 298.0, 28.0, 43.0, 1347.0, 524.0, 86.0, 680.0, 3.0, 514.0], [323.0, 1688.0, 1310.0, 3236.0, 23444.0, 521.0, 5648.0, 1065.0, 104183.0, 238.0, 41220.0, 1370.0, 532.0, 1079.0, 203580.0, 11469.0, 225.0, 8035.0, 264.0, 7228.0], [15.0, 296.0, 1678.0, 529.0, 75.0, 109.0, 1324.0, 18.0, 238.0, 30017.0, 54.0, 310.0, 1615.0, 430.0, 9122.0, 55.0, 3754.0, 4.0, 47.0, 24.0], [51.0, 442.0, 382.0, 522.0, 12890.0, 98.0, 1558.0, 282.0, 41220.0, 54.0, 9258.0, 321.0, 76.0, 283.0, 46447.0, 3860.0, 42.0, 1829.0, 55.0, 1227.0], [9.0, 331.0, 265.0, 497.0, 598.0, 119.0, 1734.0, 298.0, 1370.0, 310.0, 321.0, 2756.0, 370.0, 186.0, 10138.0, 487.0, 1084.0, 707.0, 21.0, 254.0], [10.0, 352.0, 572.0, 486.0, 137.0, 195.0, 2204.0, 28.0, 532.0, 1615.0, 76.0, 370.0, 10841.0, 170.0, 27420.0, 252.0, 846.0, 23.0, 91.0, 26.0], [54.0, 3144.0, 121.0, 133.0, 357.0, 1371.0, 14938.0, 43.0, 1079.0, 430.0, 283.0, 186.0, 170.0, 20807.0, 61054.0, 721.0, 179.0, 5.0, 67.0, 42.0], [8539.0, 46063.0, 16194.0, 37506.0, 58126.0, 31631.0, 175606.0, 1347.0, 203580.0, 9122.0, 46447.0, 10138.0, 27420.0, 61054.0, 979485.0, 18347.0, 9775.0, 7767.0, 10563.0, 10135.0], [45.0, 725.0, 355.0, 384.0, 4483.0, 322.0, 3481.0, 524.0, 11469.0, 55.0, 3860.0, 487.0, 252.0, 721.0, 18347.0, 13424.0, 48.0, 2644.0, 109.0, 1377.0], [35.0, 105.0, 875.0, 92.0, 105.0, 149.0, 2354.0, 86.0, 225.0, 3754.0, 42.0, 1084.0, 846.0, 179.0, 9775.0, 48.0, 45677.0, 15.0, 32.0, 3.0], [0.0, 75.0, 69.0, 34.0, 1866.0, 4.0, 153.0, 680.0, 8035.0, 4.0, 1829.0, 707.0, 23.0, 5.0, 7767.0, 2644.0, 15.0, 1758.0, 7.0, 2049.0], [13.0, 279.0, 88.0, 285.0, 62.0, 180.0, 2441.0, 3.0, 264.0, 47.0, 55.0, 21.0, 91.0, 67.0, 10563.0, 109.0, 32.0, 7.0, 1743.0, 17.0], [20.0, 77.0, 56.0, 25.0, 2117.0, 29.0, 442.0, 514.0, 7228.0, 24.0, 1227.0, 254.0, 26.0, 42.0, 10135.0, 1377.0, 3.0, 2049.0, 17.0, 2772.0]], "label_occurrences": [5488.0, 7617.0, 11453.0, 11186.0, 25206.0, 6412.0, 45775.0, 5164.0, 40370.0, 8689.0, 16192.0, 6074.0, 6990.0, 9247.0, 270179.0, 9336.0, 9861.0, 6277.0, 4911.0, 6255.0], "total_instances": [868534], "S": [[2.2150708851893905, 0.09574001628327372, 0.1316795364666249, 0.7395296320949926, 0.0, 0.7634470700826438, 0.8905406754163041, 0.0, 0.10251649441380326, 0.0, 0.0, 0.0, 0.0, 0.0, 0.69912814513245, 0.0, 0.0, 0.0, 0.0, 0.0], [0.09574001628327372, 2.316637328271028, 0.5282833060825228, 1.1038460959292469, 0.5492606987346331, 1.4324240073507721, 1.4176465295756295, 0.43743832016617773, 0.6783165614776473, 0.5893247824343737, 0.4931246427877121, 0.7933560747917977, 0.759068356330775, 1.5884845483369117, 1.2887034980457772, 0.9471800321320053, 0.08427120886697664, 0.13431200333931467, 0.811437137740319, 0.14726627974136847], [0.1316795364666249, 0.5282833060825228, 2.4578472302608514, 1.437036287538685, 0.0, 0.35843135879849186, 0.7857945413821463, 0.30989613013253775, 0.3910801097182752, 1.1656897227426166, 0.252630431224829, 0.5196386498273867, 0.7927864165201681, 0.0, 0.6575701084958474, 0.4599350734906057, 0.8279546576938518, 0.0, 0.13318030149139004, 0.0], [0.7395296320949926, 1.1038460959292469, 1.437036287538685, 2.3940080785212103, 0.14757291994227995, 0.5758788845442109, 1.03198372399014, 0.0, 0.7940617727294009, 0.6745978840117761, 0.3984820170420377, 0.8029936103505663, 0.7322711027160925, 0.04796279253778235, 1.0325611685687892, 0.5042823905296977, 0.0, 0.0, 0.653786935076387, 0.0], [0.0, 0.5492606987346331, 0.0, 0.14757291994227995, 1.9483781750855371, 0.0, 0.05042336243299034, 0.7731984196459054, 1.3012558555693412, 0.0, 1.4382353144637723, 0.5305092886762388, 0.0, 0.12395025075348355, 0.8700017399196962, 1.2186907880985525, 0.0, 1.010442403029845, 0.0, 1.0667764362600476], [0.7634470700826438, 1.4324240073507721, 0.35843135879849186, 0.5758788845442109, 0.0, 2.0474337193613077, 1.6238812686422774, 0.0, 0.2425722843988129, 0.23025001122733618, 0.0, 0.42386548431988713, 0.5773507461264394, 1.3028299076703314, 1.2002546427521588, 0.6694883391681199, 0.31105862012059, 0.0, 0.695895881481305, 0.0], [0.8905406754163041, 1.4176465295756295, 0.7857945413821463, 1.03198372399014, 0.05042336243299034, 1.6238812686422774, 1.7009288102940792, 0.0, 0.4239944098514089, 0.46107665909876683, 0.2614254293948165, 0.7337327767759211, 0.776892885652042, 1.4864500686918998, 1.0910462318366092, 0.8497016514649506, 0.656043970924105, 0.0, 0.9745563165035607, 0.12735342653762904], [0.0, 0.43743832016617773, 0.30989613013253775, 0.0, 0.7731984196459054, 0.0, 0.0, 1.5062505875005563, 0.6470914489617695, 0.0, 0.46674920375698337, 0.9165420670913361, 0.0, 0.0, 0.0, 0.9749710345437401, 0.16637808303960822, 1.260557374652853, 0.0, 1.1405363955631642], [0.10251649441380326, 0.6783165614776473, 0.3910801097182752, 0.7940617727294009, 1.3012558555693412, 0.2425722843988129, 0.4239944098514089, 0.6470914489617695, 1.7444661843679992, 0.0, 1.7385355670648845, 0.685973854355556, 0.21416253133076238, 0.3997486618355223, 1.2098115948930188, 1.4220927844827724, 0.0, 1.4399618272300483, 0.0631620675196228, 1.3955189046408512], [0.0, 0.5893247824343737, 1.1656897227426166, 0.6745978840117761, 0.0, 0.23025001122733618, 0.46107665909876683, 0.0, 0.0, 2.5382145149699427, 0.0, 0.707703933220846, 1.36351237789026, 0.6672846249196223, 0.528255504956601, 0.0, 1.5803903364528604, 0.0, 0.0, 0.0], [0.0, 0.4931246427877121, 0.252630431224829, 0.3984820170420377, 1.4382353144637723, 0.0, 0.2614254293948165, 0.46674920375698337, 1.7385355670648845, 0.0, 1.4867030103190917, 0.4525165738546306, 0.0, 0.2152719069275111, 0.964792407379484, 1.345912790666446, 0.0, 1.1939479058577112, 0.0, 1.0221035777295704], [0.0, 0.7933560747917977, 0.5196386498273867, 0.8029936103505663, 0.5305092886762388, 0.42386548431988713, 0.7337327767759211, 0.9165420670913361, 0.685973854355556, 0.707703933220846, 0.4525165738546306, 1.8121164622628054, 0.8790365849307772, 0.4588241231985959, 0.7296127335797084, 0.8726801547867842, 1.196420360010545, 1.2069793217556521, 0.0, 0.7639184391999629], [0.0, 0.759068356330775, 0.7927864165201681, 0.7322711027160925, 0.0, 0.5773507461264394, 0.776892885652042, 0.0, 0.21416253133076238, 1.36351237789026, 0.0, 0.8790365849307772, 2.2849018171214515, 0.3587577121955185, 1.1007255089823842, 0.525549346190259, 1.0277590526837654, 0.0, 0.3621811066355183, 0.0], [0.0, 1.5884845483369117, 0.0, 0.04796279253778235, 0.12395025075348355, 1.3028299076703314, 1.4864500686918998, 0.0, 0.3997486618355223, 0.6672846249196223, 0.2152719069275111, 0.4588241231985959, 0.3587577121955185, 2.3249945761055226, 1.3268484989974523, 0.8605603882450412, 0.23171803874153235, 0.0, 0.10769083513214851, 0.0], [0.69912814513245, 1.2887034980457772, 0.6575701084958474, 1.0325611685687892, 0.8700017399196962, 1.2002546427521588, 1.0910462318366092, 0.0, 1.2098115948930188, 0.528255504956601, 0.964792407379484, 0.7296127335797084, 1.1007255089823842, 1.3268484989974523, 1.0664814338795008, 0.8005394521981153, 0.5033310415411894, 0.5996364107783955, 0.8397525799328146, 0.7167316732741605], [0.0, 0.9471800321320053, 0.4599350734906057, 0.5042823905296977, 1.2186907880985525, 0.6694883391681199, 0.8497016514649506, 0.9749710345437401, 1.4220927844827724, 0.0, 1.345912790666446, 0.8726801547867842, 0.525549346190259, 0.8605603882450412, 0.8005394521981153, 2.1263470816017076, 0.0, 1.5931353033172881, 0.314882544963416, 1.3113326073818812], [0.0, 0.08427120886697664, 0.8279546576938518, 0.0, 0.0, 0.31105862012059, 0.656043970924105, 0.16637808303960822, 0.0, 1.5803903364528604, 0.0, 1.196420360010545, 1.0277590526837654, 0.23171803874153235, 0.5033310415411894, 0.0, 2.6106424789234577, 0.0, 0.0, 0.0], [0.0, 0.13431200333931467, 0.0, 0.0, 1.010442403029845, 0.0, 0.0, 1.260557374652853, 1.4399618272300483, 0.0, 1.1939479058577112, 1.2069793217556521, 0.0, 0.0, 0.5996364107783955, 1.5931353033172881, 0.0, 1.5883014376280415, 0.0, 1.6563493399127556], [0.0, 0.811437137740319, 0.13318030149139004, 0.653786935076387, 0.0, 0.695895881481305, 0.9745563165035607, 0.0, 0.0631620675196228, 0.0, 0.0, 0.0, 0.3621811066355183, 0.10769083513214851, 0.8397525799328146, 0.314882544963416, 0.0, 0.0, 1.7977443430384954, 0.0], [0.0, 0.14726627974136847, 0.0, 0.0, 1.0667764362600476, 0.0, 0.12735342653762904, 1.1405363955631642, 1.3955189046408512, 0.0, 1.0221035777295704, 0.7639184391999629, 0.0, 0.0, 0.7167316732741605, 1.3113326073818812, 0.0, 1.6563493399127556, 0.0, 1.7891254220726016]]}, "KF_500_VOC_info": {"co_occurrence_matrix": [[49.0, 0.0, 0.0, 0.0, 0.0, 1.0, 2.0, 0.0, 0.0, 0.0, 0.0, 0.0, 0.0, 0.0, 16.0, 0.0, 0.0, 0.0, 0.0, 0.0], [0.0, 100.0, 0.0, 0.0, 0.0, 14.0, 44.0, 1.0, 0.0, 1.0, 0.0, 0.0, 0.0, 4.0, 325.0, 0.0, 0.0, 0.0, 0.0, 0.0], [0.0, 0.0, 256.0, 188.0, 3.0, 1.0, 14.0, 0.0, 1.0, 6.0, 0.0, 0.0, 0.0, 1.0, 88.0, 1.0, 0.0, 0.0, 0.0, 0.0], [0.0, 0.0, 188.0, 307.0, 0.0, 2.0, 45.0, 0.0, 16.0, 3.0, 0.0, 8.0, 0.0, 0.0, 330.0, 2.0, 0.0, 0.0, 0.0, 0.0], [0.0, 0.0, 3.0, 0.0, 238.0, 0.0, 15.0, 0.0, 240.0, 0.0, 124.0, 1.0, 0.0, 0.0, 491.0, 35.0, 0.0, 4.0, 4.0, 8.0], [1.0, 14.0, 1.0, 2.0, 0.0, 22.0, 86.0, 0.0, 30.0, 0.0, 0.0, 0.0, 0.0, 16.0, 227.0, 0.0, 0.0, 0.0, 0.0, 0.0], [2.0, 44.0, 14.0, 45.0, 15.0, 86.0, 756.0, 0.0, 22.0, 0.0, 6.0, 2.0, 0.0, 167.0, 804.0, 8.0, 1.0, 7.0, 7.0, 0.0], [0.0, 1.0, 0.0, 0.0, 0.0, 0.0, 0.0, 4.0, 6.0, 0.0, 0.0, 2.0, 0.0, 0.0, 8.0, 2.0, 0.0, 4.0, 0.0, 0.0], [0.0, 0.0, 1.0, 16.0, 240.0, 30.0, 22.0, 6.0, 878.0, 3.0, 392.0, 25.0, 1.0, 5.0, 1721.0, 52.0, 42.0, 83.0, 40.0, 64.0], [0.0, 1.0, 6.0, 3.0, 0.0, 0.0, 0.0, 0.0, 3.0, 55.0, 27.0, 0.0, 1.0, 4.0, 49.0, 9.0, 2.0, 0.0, 0.0, 0.0], [0.0, 0.0, 0.0, 0.0, 124.0, 0.0, 6.0, 0.0, 392.0, 27.0, 122.0, 0.0, 0.0, 2.0, 522.0, 56.0, 0.0, 17.0, 10.0, 25.0], [0.0, 0.0, 0.0, 8.0, 1.0, 0.0, 2.0, 2.0, 25.0, 0.0, 0.0, 33.0, 0.0, 0.0, 81.0, 0.0, 6.0, 7.0, 0.0, 0.0], [0.0, 0.0, 0.0, 0.0, 0.0, 0.0, 0.0, 0.0, 1.0, 1.0, 0.0, 0.0, 43.0, 0.0, 107.0, 0.0, 1.0, 0.0, 0.0, 0.0], [0.0, 4.0, 1.0, 0.0, 0.0, 16.0, 167.0, 0.0, 5.0, 4.0, 2.0, 0.0, 0.0, 164.0, 465.0, 0.0, 0.0, 0.0, 0.0, 0.0], [16.0, 325.0, 88.0, 330.0, 491.0, 227.0, 804.0, 8.0, 1721.0, 49.0, 522.0, 81.0, 107.0, 465.0, 5332.0, 107.0, 57.0, 125.0, 50.0, 50.0], [0.0, 0.0, 1.0, 2.0, 35.0, 0.0, 8.0, 2.0, 52.0, 9.0, 56.0, 0.0, 0.0, 0.0, 107.0, 83.0, 0.0, 20.0, 0.0, 10.0], [0.0, 0.0, 0.0, 0.0, 0.0, 0.0, 1.0, 0.0, 42.0, 2.0, 0.0, 6.0, 1.0, 0.0, 57.0, 0.0, 100.0, 0.0, 0.0, 0.0], [0.0, 0.0, 0.0, 0.0, 4.0, 0.0, 7.0, 4.0, 83.0, 0.0, 17.0, 7.0, 0.0, 0.0, 125.0, 20.0, 0.0, 17.0, 2.0, 18.0], [0.0, 0.0, 0.0, 0.0, 4.0, 0.0, 7.0, 0.0, 40.0, 0.0, 10.0, 0.0, 0.0, 0.0, 50.0, 0.0, 0.0, 2.0, 23.0, 0.0], [0.0, 0.0, 0.0, 0.0, 8.0, 0.0, 0.0, 0.0, 64.0, 0.0, 25.0, 0.0, 0.0, 0.0, 50.0, 10.0, 0.0, 18.0, 0.0, 10.0]], "label_occurrences": [55.0, 61.0, 100.0, 118.0, 135.0, 57.0, 380.0, 50.0, 366.0, 47.0, 119.0, 70.0, 57.0, 84.0, 1707.0, 78.0, 47.0, 73.0, 60.0, 54.0], "total_instances": [2674], "S": [[1.6366321039659915, 0.0, 0.0, 0.0, 0.0, 0.0, 0.0, 0.0, 0.0, 0.0, 0.0, 0.0, 0.0, 0.0, 0.0, 0.0, 0.0, 0.0, 0.0, 0.0], [0.0, 1.8565017329044315, 0.0, 0.0, 0.0, 1.0320847479209452, 0.7055006477845758, 0.0, 0.0, 0.0, 0.0, 0.0, 0.0, 0.31961227318127927, 0.9214814077793393, 0.0, 0.0, 0.0, 0.0, 0.0], [0.0, 0.0, 1.8354013682378152, 1.62943724488352, 0.0, 0.0, 0.0, 0.0, 0.0, 0.5332147953738917, 0.0, 0.0, 0.0, 0.0, 0.1394105539614006, 0.0, 0.0, 0.0, 0.0, 0.0], [0.0, 0.0, 1.62943724488352, 1.7705357637909012, 0.0, 0.0, 0.4287083127783737, 0.0, 0.0, 0.16030279240378514, 0.0, 0.41327134259752696, 0.0, 0.0, 0.641559814382994, 0.0, 0.0, 0.0, 0.0, 0.0], [0.0, 0.0, 0.0, 0.0, 1.5430708229924652, 0.0, 0.0, 0.0, 1.1135577907481549, 0.0, 1.3147023582006638, 0.0, 0.0, 0.0, 0.7556756054391943, 0.9488010760907547, 0.0, 0.035564765638465966, 0.12073637537527819, 0.46752386159993453], [0.0, 1.0320847479209452, 0.0, 0.0, 0.0, 1.257834372403189, 1.0260014018802317, 0.0, 0.584926716578726, 0.0, 0.0, 0.0, 0.0, 0.9511272438475172, 0.7950788833318633, 0.0, 0.0, 0.0, 0.0, 0.0], [0.0, 0.7055006477845758, 0.0, 0.4287083127783737, 0.0, 1.0260014018802317, 1.1461160051935517, 0.0, 0.0, 0.0, 0.0, 0.0, 0.0, 1.145814991394857, 0.520400333942873, 0.0, 0.0, 0.0, 0.0, 0.0], [0.0, 0.0, 0.0, 0.0, 0.0, 0.0, 0.0, 0.6312813855818904, 0.0, 0.0, 0.0, 0.18412335423967113, 0.0, 0.0, 0.0, 0.1371267915634476, 0.0, 0.46692852979745325, 0.0, 0.0], [0.0, 0.0, 0.0, 0.0, 1.1135577907481549, 0.584926716578726, 0.0, 0.0, 1.2436937480432468, 0.0, 1.3814194231594814, 0.4165222861893357, 0.0, 0.0, 0.8672276667443816, 0.6875890584758737, 0.8148317499937379, 0.9194355497871729, 0.6875890584758737, 0.9374665316924735], [0.0, 0.0, 0.5332147953738917, 0.16030279240378514, 0.0, 0.0, 0.0, 0.0, 0.0, 1.8233283765487744, 1.1108803477567046, 0.0, 0.0, 0.43284425025632883, 0.21302610390402818, 0.8172114517390926, 0.3839956827185118, 0.0, 0.0, 0.0], [0.0, 0.0, 0.0, 0.0, 1.3147023582006638, 0.0, 0.0, 0.0, 1.3814194231594814, 1.1108803477567046, 1.3624273108156522, 0.0, 0.0, 0.0, 0.8370514234209634, 1.207707865849155, 0.0, 0.7187405027912528, 0.5734631911497912, 1.017160690382504], [0.0, 0.0, 0.0, 0.41327134259752696, 0.0, 0.0, 0.0, 0.18412335423967113, 0.4165222861893357, 0.0, 0.0, 1.2554792627753393, 0.0, 0.0, 0.25831486067562487, 0.0, 0.6881167553596349, 0.5638385428055097, 0.0, 0.0], [0.0, 0.0, 0.0, 0.0, 0.0, 0.0, 0.0, 0.0, 0.0, 0.0, 0.0, 0.0, 1.5488801471605693, 0.0, 0.46843680382395014, 0.0, 0.0, 0.0, 0.0, 0.0], [0.0, 0.31961227318127927, 0.0, 0.0, 0.0, 0.9511272438475172, 1.145814991394857, 0.0, 0.0, 0.43284425025632883, 0.0, 0.0, 0.0, 1.7934466788499002, 0.9381015486393043, 0.0, 0.0, 0.0, 0.0, 0.0], [0.0, 0.9214814077793393, 0.1394105539614006, 0.641559814382994, 0.7556756054391943, 0.7950788833318633, 0.520400333942873, 0.0, 0.8672276667443816, 0.21302610390402818, 0.8370514234209634, 0.25831486067562487, 0.46843680382395014, 0.9381015486393043, 0.68958450143832, 0.33221705680596125, 0.27870487954800593, 0.42851503469883245, 0.11574663576360711, 0.16150412632428224], [0.0, 0.0, 0.0, 0.0, 0.9488010760907547, 0.0, 0.0, 0.1371267915634476, 0.6875890584758737, 0.8172114517390926, 1.207707865849155, 0.0, 0.0, 0.0, 0.33221705680596125, 1.5620502899210786, 0.0, 0.9727739357790105, 0.0, 0.8026730404125166], [0.0, 0.0, 0.0, 0.0, 0.0, 0.0, 0.0, 0.0, 0.8148317499937379, 0.3839956827185118, 0.0, 0.6881167553596349, 0.0, 0.0, 0.27870487954800593, 0.0, 2.082965687054531, 0.0, 0.0, 0.0], [0.0, 0.0, 0.0, 0.0, 0.035564765638465966, 0.0, 0.0, 0.46692852979745325, 0.9194355497871729, 0.0, 0.7187405027912528, 0.5638385428055097, 0.0, 0.0, 0.42851503469883245, 0.9727739357790105, 0.0, 0.9309646040633277, 0.08671728808584725, 1.0867172880858473], [0.0, 0.0, 0.0, 0.0, 0.12073637537527819, 0.0, 0.0, 0.0, 0.6875890584758737, 0.0, 0.5734631911497912, 0.0, 0.0, 0.0, 0.11574663576360711, 0.0, 0.0, 0.08671728808584725, 1.2325867381762712, 0.0], [0.0, 0.0, 0.0, 0.0, 0.46752386159993453, 0.0, 0.0, 0.0, 0.9374665316924735, 0.0, 1.017160690382504, 0.0, 0.0, 0.0, 0.16150412632428224, 0.8026730404125166, 0.0, 1.0867172880858473, 0.0, 0.9623738832800286]]}, "KF_All_COCO_info": {"co_occurrence_matrix": [[979485.0, 46063.0, 175606.0, 61054.0, 8539.0, 31631.0, 10563.0, 35024.0, 37506.0, 51910.0, 2852.0, 0.0, 3043.0, 2147.0, 48200.0, 16194.0, 1347.0, 10138.0, 27420.0, 9775.0, 9122.0, 10803.0, 423.0, 1038.0, 2807.0, 0.0, 61150.0, 89198.0, 0.0, 0.0, 97752.0, 39041.0, 27818.0, 10717.0, 42097.0, 14394.0, 32589.0, 79958.0, 22873.0, 27420.0, 31435.0, 28027.0, 23944.0, 58126.0, 0.0, 32503.0, 59999.0, 13899.0, 15340.0, 13328.0, 24446.0, 24652.0, 9134.0, 5671.0, 9424.0, 2220.0, 4231.0, 6244.0, 14040.0, 9460.0, 12290.0, 203580.0, 7767.0, 18347.0, 2654.0, 0.0, 46447.0, 0.0, 0.0, 875.0, 0.0, 10135.0, 11957.0, 1514.0, 13077.0, 2044.0, 22809.0, 1051.0, 2563.0, 90.0, 2309.0, 2257.0, 0.0, 26579.0, 13802.0, 5258.0, 1502.0, 5748.0, 212.0, 2107.0, 0.0], [46063.0, 13849.0, 10502.0, 3144.0, 60.0, 1522.0, 279.0, 1636.0, 1246.0, 3828.0, 206.0, 0.0, 296.0, 203.0, 1279.0, 339.0, 124.0, 331.0, 352.0, 105.0, 296.0, 79.0, 1.0, 2.0, 2.0, 0.0, 3361.0, 1983.0, 0.0, 0.0, 3232.0, 234.0, 412.0, 63.0, 7.0, 1.0, 127.0, 798.0, 16.0, 19.0, 864.0, 155.0, 42.0, 783.0, 0.0, 58.0, 369.0, 38.0, 46.0, 37.0, 147.0, 959.0, 115.0, 68.0, 145.0, 18.0, 43.0, 48.0, 54.0, 60.0, 28.0, 1688.0, 75.0, 725.0, 29.0, 0.0, 442.0, 0.0, 0.0, 12.0, 0.0, 77.0, 45.0, 18.0, 37.0, 24.0, 414.0, 6.0, 9.0, 1.0, 8.0, 22.0, 0.0, 576.0, 320.0, 60.0, 16.0, 57.0, 0.0, 6.0, 0.0], [175606.0, 10502.0, 121171.0, 14938.0, 2248.0, 14214.0, 2441.0, 29997.0, 6346.0, 51005.0, 3488.0, 0.0, 3739.0, 3911.0, 5314.0, 3686.0, 256.0, 1734.0, 2204.0, 2354.0, 1324.0, 876.0, 25.0, 305.0, 207.0, 0.0, 6005.0, 6885.0, 0.0, 0.0, 10664.0, 1286.0, 2269.0, 1112.0, 574.0, 213.0, 1597.0, 5646.0, 566.0, 784.0, 3306.0, 918.0, 769.0, 1492.0, 0.0, 531.0, 1466.0, 410.0, 377.0, 267.0, 531.0, 1083.0, 521.0, 243.0, 518.0, 68.0, 178.0, 415.0, 478.0, 670.0, 179.0, 5648.0, 153.0, 3481.0, 61.0, 0.0, 1558.0, 0.0, 0.0, 107.0, 0.0, 442.0, 154.0, 65.0, 29.0, 74.0, 1673.0, 21.0, 42.0, 1.0, 40.0, 87.0, 0.0, 782.0, 2736.0, 240.0, 62.0, 566.0, 3.0, 45.0, 0.0], [61054.0, 3144.0, 14938.0, 20807.0, 54.0, 1371.0, 67.0, 2814.0, 133.0, 3415.0, 94.0, 0.0, 210.0, 113.0, 414.0, 121.0, 43.0, 186.0, 170.0, 179.0, 430.0, 146.0, 2.0, 0.0, 0.0, 0.0, 1338.0, 1520.0, 0.0, 0.0, 2209.0, 297.0, 175.0, 8.0, 7.0, 2.0, 44.0, 176.0, 3.0, 4.0, 92.0, 14.0, 6.0, 357.0, 0.0, 65.0, 117.0, 38.0, 35.0, 14.0, 55.0, 892.0, 58.0, 5.0, 107.0, 1.0, 23.0, 1.0, 36.0, 15.0, 7.0, 1079.0, 5.0, 721.0, 1.0, 0.0, 283.0, 0.0, 0.0, 1.0, 0.0, 42.0, 13.0, 3.0, 3.0, 3.0, 227.0, 2.0, 0.0, 0.0, 0.0, 7.0, 0.0, 162.0, 164.0, 8.0, 1.0, 46.0, 1.0, 0.0, 0.0], [8539.0, 60.0, 2248.0, 54.0, 5690.0, 235.0, 13.0, 3480.0, 388.0, 74.0, 9.0, 0.0, 6.0, 9.0, 93.0, 98.0, 5.0, 9.0, 10.0, 35.0, 15.0, 2.0, 0.0, 0.0, 1.0, 0.0, 202.0, 43.0, 0.0, 0.0, 301.0, 101.0, 350.0, 4.0, 5.0, 0.0, 3.0, 24.0, 16.0, 35.0, 2.0, 27.0, 8.0, 51.0, 0.0, 6.0, 22.0, 0.0, 3.0, 0.0, 16.0, 0.0, 0.0, 0.0, 0.0, 0.0, 0.0, 0.0, 1.0, 0.0, 7.0, 323.0, 0.0, 45.0, 1.0, 0.0, 51.0, 0.0, 0.0, 0.0, 0.0, 20.0, 7.0, 0.0, 2.0, 2.0, 19.0, 0.0, 1.0, 0.0, 4.0, 6.0, 0.0, 45.0, 11.0, 4.0, 0.0, 1.0, 1.0, 0.0, 0.0], [31631.0, 1522.0, 14214.0, 1371.0, 235.0, 5280.0, 180.0, 2816.0, 311.0, 4541.0, 112.0, 0.0, 225.0, 76.0, 543.0, 193.0, 5.0, 119.0, 195.0, 149.0, 109.0, 38.0, 3.0, 12.0, 18.0, 0.0, 1345.0, 707.0, 0.0, 0.0, 2375.0, 228.0, 395.0, 4.0, 51.0, 4.0, 18.0, 240.0, 5.0, 12.0, 68.0, 21.0, 12.0, 60.0, 0.0, 3.0, 23.0, 3.0, 2.0, 4.0, 27.0, 93.0, 34.0, 14.0, 40.0, 0.0, 9.0, 20.0, 5.0, 23.0, 2.0, 521.0, 4.0, 322.0, 0.0, 0.0, 98.0, 0.0, 0.0, 0.0, 0.0, 29.0, 7.0, 3.0, 0.0, 2.0, 158.0, 0.0, 0.0, 1.0, 0.0, 0.0, 0.0, 46.0, 388.0, 9.0, 0.0, 11.0, 1.0, 0.0, 0.0], [10563.0, 279.0, 2441.0, 67.0, 13.0, 180.0, 1743.0, 425.0, 285.0, 1179.0, 26.0, 0.0, 46.0, 15.0, 599.0, 88.0, 3.0, 21.0, 91.0, 32.0, 47.0, 63.0, 0.0, 2.0, 0.0, 0.0, 573.0, 221.0, 0.0, 0.0, 899.0, 131.0, 481.0, 0.0, 8.0, 3.0, 4.0, 6.0, 0.0, 0.0, 20.0, 5.0, 0.0, 62.0, 0.0, 32.0, 14.0, 2.0, 2.0, 1.0, 7.0, 14.0, 17.0, 2.0, 10.0, 0.0, 1.0, 8.0, 0.0, 6.0, 46.0, 264.0, 7.0, 109.0, 5.0, 0.0, 55.0, 0.0, 0.0, 2.0, 0.0, 17.0, 11.0, 1.0, 0.0, 4.0, 92.0, 0.0, 2.0, 0.0, 1.0, 1.0, 0.0, 116.0, 132.0, 2.0, 0.0, 22.0, 0.0, 0.0, 0.0], [35024.0, 1636.0, 29997.0, 2814.0, 3480.0, 2816.0, 425.0, 7832.0, 1117.0, 7055.0, 459.0, 0.0, 506.0, 362.0, 639.0, 532.0, 23.0, 473.0, 615.0, 1060.0, 711.0, 185.0, 15.0, 158.0, 45.0, 0.0, 1156.0, 1235.0, 0.0, 0.0, 1919.0, 251.0, 1194.0, 174.0, 107.0, 51.0, 155.0, 1081.0, 52.0, 68.0, 347.0, 176.0, 52.0, 365.0, 0.0, 35.0, 153.0, 18.0, 18.0, 45.0, 131.0, 565.0, 182.0, 18.0, 147.0, 26.0, 82.0, 42.0, 22.0, 73.0, 35.0, 1052.0, 17.0, 680.0, 8.0, 0.0, 228.0, 0.0, 0.0, 29.0, 0.0, 51.0, 20.0, 3.0, 8.0, 5.0, 289.0, 4.0, 7.0, 0.0, 3.0, 23.0, 0.0, 57.0, 290.0, 32.0, 6.0, 41.0, 0.0, 1.0, 0.0], [37506.0, 1246.0, 6346.0, 133.0, 388.0, 311.0, 285.0, 1117.0, 35692.0, 152.0, 17.0, 0.0, 11.0, 21.0, 1578.0, 4035.0, 22.0, 497.0, 486.0, 92.0, 529.0, 49.0, 5.0, 0.0, 42.0, 0.0, 639.0, 4267.0, 0.0, 0.0, 715.0, 38.0, 336.0, 77.0, 62.0, 16.0, 134.0, 1062.0, 16.0, 6.0, 100.0, 1164.0, 10.0, 456.0, 0.0, 90.0, 243.0, 95.0, 83.0, 47.0, 323.0, 541.0, 220.0, 22.0, 64.0, 0.0, 9.0, 48.0, 23.0, 5.0, 8.0, 3236.0, 34.0, 384.0, 22.0, 0.0, 522.0, 0.0, 0.0, 14.0, 0.0, 25.0, 10.0, 1.0, 11.0, 3.0, 106.0, 2.0, 3.0, 0.0, 8.0, 3.0, 0.0, 82.0, 286.0, 25.0, 0.0, 51.0, 0.0, 5.0, 0.0], [51910.0, 3828.0, 51005.0, 3415.0, 74.0, 4541.0, 1179.0, 7055.0, 152.0, 26224.0, 1033.0, 0.0, 536.0, 624.0, 800.0, 802.0, 10.0, 217.0, 525.0, 58.0, 40.0, 43.0, 0.0, 0.0, 0.0, 0.0, 2625.0, 1830.0, 0.0, 0.0, 4594.0, 303.0, 391.0, 7.0, 56.0, 26.0, 103.0, 132.0, 11.0, 30.0, 535.0, 35.0, 81.0, 166.0, 0.0, 4.0, 94.0, 9.0, 3.0, 8.0, 12.0, 44.0, 77.0, 27.0, 21.0, 2.0, 8.0, 81.0, 26.0, 58.0, 14.0, 516.0, 12.0, 821.0, 2.0, 0.0, 111.0, 0.0, 0.0, 4.0, 0.0, 119.0, 11.0, 2.0, 6.0, 6.0, 358.0, 2.0, 8.0, 0.0, 1.0, 2.0, 0.0, 73.0, 814.0, 16.0, 3.0, 28.0, 0.0, 1.0, 0.0], [2852.0, 206.0, 3488.0, 94.0, 9.0, 112.0, 26.0, 459.0, 17.0, 1033.0, 391.0, 0.0, 150.0, 116.0, 127.0, 35.0, 8.0, 70.0, 19.0, 2.0, 3.0, 8.0, 0.0, 0.0, 0.0, 0.0, 133.0, 110.0, 0.0, 0.0, 272.0, 16.0, 33.0, 4.0, 0.0, 2.0, 11.0, 4.0, 12.0, 6.0, 39.0, 18.0, 5.0, 33.0, 0.0, 4.0, 45.0, 0.0, 0.0, 0.0, 9.0, 1.0, 2.0, 3.0, 2.0, 0.0, 0.0, 6.0, 2.0, 1.0, 4.0, 158.0, 5.0, 167.0, 1.0, 0.0, 36.0, 0.0, 0.0, 0.0, 0.0, 8.0, 0.0, 0.0, 0.0, 0.0, 41.0, 1.0, 0.0, 0.0, 1.0, 0.0, 0.0, 16.0, 34.0, 22.0, 0.0, 6.0, 0.0, 0.0, 0.0], [0.0, 0.0, 0.0, 0.0, 0.0, 0.0, 0.0, 0.0, 0.0, 0.0, 0.0, 0.0, 0.0, 0.0, 0.0, 0.0, 0.0, 0.0, 0.0, 0.0, 0.0, 0.0, 0.0, 0.0, 0.0, 0.0, 0.0, 0.0, 0.0, 0.0, 0.0, 0.0, 0.0, 0.0, 0.0, 0.0, 0.0, 0.0, 0.0, 0.0, 0.0, 0.0, 0.0, 0.0, 0.0, 0.0, 0.0, 0.0, 0.0, 0.0, 0.0, 0.0, 0.0, 0.0, 0.0, 0.0, 0.0, 0.0, 0.0, 0.0, 0.0, 0.0, 0.0, 0.0, 0.0, 0.0, 0.0, 0.0, 0.0, 0.0, 0.0, 0.0, 0.0, 0.0, 0.0, 0.0, 0.0, 0.0, 0.0, 0.0, 0.0, 0.0, 0.0, 0.0, 0.0, 0.0, 0.0, 0.0, 0.0, 0.0, 0.0], [3043.0, 296.0, 3739.0, 210.0, 6.0, 225.0, 46.0, 506.0, 11.0, 536.0, 150.0, 0.0, 556.0, 64.0, 58.0, 68.0, 7.0, 32.0, 55.0, 53.0, 19.0, 19.0, 0.0, 2.0, 5.0, 0.0, 155.0, 96.0, 0.0, 0.0, 249.0, 11.0, 30.0, 7.0, 16.0, 8.0, 6.0, 33.0, 5.0, 7.0, 31.0, 8.0, 7.0, 51.0, 0.0, 3.0, 30.0, 6.0, 6.0, 2.0, 7.0, 3.0, 0.0, 6.0, 4.0, 0.0, 1.0, 0.0, 5.0, 0.0, 3.0, 72.0, 4.0, 118.0, 5.0, 0.0, 12.0, 0.0, 0.0, 2.0, 0.0, 4.0, 1.0, 0.0, 1.0, 1.0, 32.0, 0.0, 1.0, 0.0, 0.0, 2.0, 0.0, 24.0, 39.0, 4.0, 15.0, 4.0, 0.0, 0.0, 0.0], [2147.0, 203.0, 3911.0, 113.0, 9.0, 76.0, 15.0, 362.0, 21.0, 624.0, 116.0, 0.0, 64.0, 1374.0, 93.0, 3.0, 3.0, 36.0, 16.0, 44.0, 0.0, 0.0, 0.0, 0.0, 0.0, 0.0, 80.0, 49.0, 0.0, 0.0, 200.0, 19.0, 28.0, 7.0, 2.0, 0.0, 1.0, 2.0, 1.0, 0.0, 18.0, 0.0, 0.0, 4.0, 0.0, 1.0, 74.0, 2.0, 0.0, 0.0, 0.0, 1.0, 0.0, 0.0, 0.0, 0.0, 0.0, 2.0, 46.0, 1.0, 2.0, 64.0, 1.0, 90.0, 0.0, 0.0, 50.0, 0.0, 0.0, 3.0, 0.0, 1.0, 3.0, 0.0, 0.0, 1.0, 27.0, 1.0, 0.0, 0.0, 0.0, 0.0, 0.0, 16.0, 12.0, 8.0, 0.0, 0.0, 0.0, 0.0, 0.0], [48200.0, 1279.0, 5314.0, 414.0, 93.0, 543.0, 599.0, 639.0, 1578.0, 800.0, 127.0, 0.0, 58.0, 93.0, 11051.0, 1566.0, 203.0, 529.0, 243.0, 209.0, 108.0, 389.0, 24.0, 30.0, 64.0, 0.0, 1883.0, 2637.0, 0.0, 0.0, 2637.0, 421.0, 854.0, 292.0, 463.0, 268.0, 1398.0, 580.0, 1226.0, 957.0, 1225.0, 152.0, 1012.0, 1423.0, 0.0, 183.0, 1060.0, 192.0, 134.0, 195.0, 444.0, 194.0, 71.0, 124.0, 61.0, 12.0, 29.0, 132.0, 174.0, 159.0, 99.0, 7294.0, 103.0, 1626.0, 50.0, 0.0, 2816.0, 0.0, 0.0, 19.0, 0.0, 116.0, 212.0, 7.0, 24.0, 15.0, 675.0, 10.0, 37.0, 0.0, 50.0, 24.0, 0.0, 578.0, 483.0, 182.0, 10.0, 143.0, 1.0, 15.0, 0.0], [16194.0, 339.0, 3686.0, 121.0, 98.0, 193.0, 88.0, 532.0, 4035.0, 802.0, 35.0, 0.0, 68.0, 3.0, 1566.0, 43341.0, 139.0, 265.0, 572.0, 875.0, 1678.0, 998.0, 108.0, 1145.0, 864.0, 0.0, 358.0, 1294.0, 0.0, 0.0, 1071.0, 58.0, 61.0, 87.0, 3.0, 0.0, 8.0, 530.0, 6.0, 3.0, 116.0, 406.0, 1.0, 307.0, 0.0, 61.0, 230.0, 28.0, 36.0, 26.0, 437.0, 125.0, 227.0, 3.0, 47.0, 8.0, 6.0, 22.0, 36.0, 7.0, 46.0, 1310.0, 69.0, 355.0, 78.0, 0.0, 382.0, 0.0, 0.0, 6.0, 0.0, 56.0, 21.0, 7.0, 17.0, 15.0, 120.0, 10.0, 23.0, 1.0, 22.0, 16.0, 0.0, 328.0, 462.0, 68.0, 57.0, 43.0, 0.0, 10.0, 0.0], [1347.0, 124.0, 256.0, 43.0, 5.0, 5.0, 3.0, 23.0, 22.0, 10.0, 8.0, 0.0, 7.0, 3.0, 203.0, 139.0, 985.0, 298.0, 28.0, 86.0, 18.0, 8.0, 3.0, 5.0, 2.0, 0.0, 116.0, 60.0, 0.0, 0.0, 159.0, 54.0, 267.0, 2.0, 1.0, 0.0, 29.0, 2.0, 2.0, 4.0, 4.0, 2.0, 9.0, 889.0, 0.0, 62.0, 471.0, 40.0, 109.0, 64.0, 447.0, 77.0, 83.0, 17.0, 61.0, 10.0, 68.0, 0.0, 16.0, 19.0, 22.0, 1065.0, 680.0, 524.0, 683.0, 0.0, 282.0, 0.0, 0.0, 206.0, 0.0, 514.0, 468.0, 197.0, 312.0, 293.0, 111.0, 42.0, 45.0, 5.0, 242.0, 115.0, 0.0, 2968.0, 78.0, 165.0, 41.0, 163.0, 10.0, 112.0, 0.0], [10138.0, 331.0, 1734.0, 186.0, 9.0, 119.0, 21.0, 473.0, 497.0, 217.0, 70.0, 0.0, 32.0, 36.0, 529.0, 265.0, 298.0, 2756.0, 370.0, 1084.0, 310.0, 37.0, 7.0, 7.0, 3.0, 0.0, 381.0, 466.0, 0.0, 0.0, 628.0, 98.0, 171.0, 769.0, 113.0, 13.0, 168.0, 296.0, 17.0, 12.0, 101.0, 178.0, 35.0, 598.0, 0.0, 61.0, 423.0, 60.0, 94.0, 68.0, 446.0, 106.0, 70.0, 24.0, 73.0, 8.0, 82.0, 19.0, 52.0, 47.0, 144.0, 1370.0, 707.0, 487.0, 539.0, 0.0, 321.0, 0.0, 0.0, 35.0, 0.0, 254.0, 154.0, 46.0, 248.0, 78.0, 134.0, 34.0, 76.0, 2.0, 67.0, 82.0, 0.0, 1566.0, 108.0, 136.0, 24.0, 191.0, 9.0, 25.0, 0.0], [27420.0, 352.0, 2204.0, 170.0, 10.0, 195.0, 91.0, 615.0, 486.0, 525.0, 19.0, 0.0, 55.0, 16.0, 243.0, 572.0, 28.0, 370.0, 10841.0, 846.0, 1615.0, 30.0, 0.0, 44.0, 17.0, 0.0, 222.0, 413.0, 0.0, 0.0, 418.0, 647.0, 42.0, 2.0, 11.0, 1.0, 53.0, 15.0, 0.0, 2.0, 4.0, 1.0, 1.0, 137.0, 0.0, 16.0, 67.0, 0.0, 6.0, 7.0, 38.0, 10.0, 4.0, 4.0, 6.0, 6.0, 10.0, 0.0, 1.0, 20.0, 89.0, 532.0, 23.0, 252.0, 8.0, 0.0, 76.0, 0.0, 0.0, 2.0, 0.0, 26.0, 2.0, 9.0, 2.0, 5.0, 85.0, 1.0, 5.0, 1.0, 11.0, 5.0, 0.0, 170.0, 60.0, 56.0, 1.0, 62.0, 0.0, 3.0, 0.0], [9775.0, 105.0, 2354.0, 179.0, 35.0, 149.0, 32.0, 1060.0, 92.0, 58.0, 2.0, 0.0, 53.0, 44.0, 209.0, 875.0, 86.0, 1084.0, 846.0, 45677.0, 3754.0, 1.0, 1.0, 42.0, 2.0, 0.0, 163.0, 54.0, 0.0, 0.0, 290.0, 255.0, 13.0, 0.0, 0.0, 0.0, 5.0, 2.0, 0.0, 0.0, 0.0, 12.0, 0.0, 105.0, 0.0, 5.0, 41.0, 0.0, 6.0, 4.0, 44.0, 1.0, 5.0, 1.0, 0.0, 0.0, 25.0, 0.0, 0.0, 11.0, 38.0, 225.0, 15.0, 48.0, 2.0, 0.0, 42.0, 0.0, 0.0, 0.0, 0.0, 3.0, 11.0, 1.0, 0.0, 1.0, 116.0, 0.0, 0.0, 0.0, 1.0, 1.0, 0.0, 10.0, 33.0, 14.0, 11.0, 58.0, 0.0, 0.0, 0.0], [9122.0, 296.0, 1324.0, 430.0, 15.0, 109.0, 47.0, 711.0, 529.0, 40.0, 3.0, 0.0, 19.0, 0.0, 108.0, 1678.0, 18.0, 310.0, 1615.0, 3754.0, 30017.0, 81.0, 1.0, 521.0, 98.0, 0.0, 112.0, 266.0, 0.0, 0.0, 207.0, 163.0, 20.0, 7.0, 0.0, 0.0, 4.0, 100.0, 0.0, 2.0, 0.0, 4.0, 0.0, 75.0, 0.0, 0.0, 12.0, 0.0, 1.0, 0.0, 101.0, 38.0, 91.0, 0.0, 100.0, 0.0, 0.0, 0.0, 0.0, 6.0, 1.0, 238.0, 4.0, 55.0, 18.0, 0.0, 54.0, 0.0, 0.0, 1.0, 0.0, 24.0, 8.0, 0.0, 0.0, 1.0, 41.0, 0.0, 1.0, 0.0, 1.0, 7.0, 0.0, 3.0, 16.0, 1.0, 0.0, 9.0, 1.0, 0.0, 0.0], [10803.0, 79.0, 876.0, 146.0, 2.0, 38.0, 63.0, 185.0, 49.0, 43.0, 8.0, 0.0, 19.0, 0.0, 389.0, 998.0, 8.0, 37.0, 30.0, 1.0, 81.0, 11485.0, 5.0, 307.0, 118.0, 0.0, 235.0, 303.0, 0.0, 0.0, 346.0, 81.0, 4.0, 0.0, 0.0, 0.0, 85.0, 0.0, 1.0, 0.0, 0.0, 0.0, 0.0, 50.0, 0.0, 0.0, 31.0, 15.0, 9.0, 20.0, 24.0, 25.0, 82.0, 0.0, 9.0, 15.0, 34.0, 0.0, 0.0, 0.0, 1.0, 228.0, 4.0, 32.0, 2.0, 0.0, 29.0, 0.0, 0.0, 2.0, 0.0, 6.0, 0.0, 0.0, 3.0, 0.0, 20.0, 2.0, 1.0, 0.0, 2.0, 3.0, 0.0, 43.0, 25.0, 4.0, 0.0, 28.0, 0.0, 0.0, 0.0], [423.0, 1.0, 25.0, 2.0, 0.0, 3.0, 0.0, 15.0, 5.0, 0.0, 0.0, 0.0, 0.0, 0.0, 24.0, 108.0, 3.0, 7.0, 0.0, 1.0, 1.0, 5.0, 482.0, 3.0, 3.0, 0.0, 29.0, 7.0, 0.0, 0.0, 92.0, 1.0, 4.0, 5.0, 0.0, 0.0, 23.0, 0.0, 0.0, 0.0, 1.0, 0.0, 0.0, 8.0, 0.0, 3.0, 4.0, 2.0, 2.0, 0.0, 12.0, 2.0, 4.0, 0.0, 2.0, 0.0, 28.0, 0.0, 0.0, 0.0, 7.0, 31.0, 4.0, 20.0, 0.0, 0.0, 9.0, 0.0, 0.0, 0.0, 0.0, 2.0, 0.0, 1.0, 1.0, 1.0, 7.0, 1.0, 0.0, 0.0, 0.0, 4.0, 0.0, 60.0, 3.0, 7.0, 0.0, 218.0, 0.0, 0.0, 0.0], [1038.0, 2.0, 305.0, 0.0, 0.0, 12.0, 2.0, 158.0, 0.0, 0.0, 0.0, 0.0, 2.0, 0.0, 30.0, 1145.0, 5.0, 7.0, 44.0, 42.0, 521.0, 307.0, 3.0, 11023.0, 1114.0, 0.0, 9.0, 59.0, 0.0, 0.0, 20.0, 13.0, 4.0, 0.0, 0.0, 0.0, 1.0, 0.0, 0.0, 0.0, 1.0, 2.0, 0.0, 3.0, 0.0, 0.0, 3.0, 0.0, 1.0, 0.0, 10.0, 0.0, 0.0, 0.0, 0.0, 7.0, 0.0, 0.0, 0.0, 0.0, 2.0, 26.0, 1.0, 52.0, 0.0, 0.0, 8.0, 0.0, 0.0, 0.0, 0.0, 0.0, 0.0, 0.0, 0.0, 0.0, 6.0, 0.0, 0.0, 0.0, 0.0, 0.0, 0.0, 6.0, 0.0, 2.0, 0.0, 0.0, 0.0, 0.0, 0.0], [2807.0, 2.0, 207.0, 0.0, 1.0, 18.0, 0.0, 45.0, 42.0, 0.0, 0.0, 0.0, 5.0, 0.0, 64.0, 864.0, 2.0, 3.0, 17.0, 2.0, 98.0, 118.0, 3.0, 1114.0, 5381.0, 0.0, 51.0, 60.0, 0.0, 0.0, 134.0, 2.0, 4.0, 0.0, 0.0, 0.0, 1.0, 0.0, 0.0, 0.0, 0.0, 1.0, 0.0, 19.0, 0.0, 0.0, 15.0, 0.0, 0.0, 0.0, 9.0, 0.0, 0.0, 0.0, 2.0, 0.0, 12.0, 0.0, 0.0, 0.0, 0.0, 13.0, 0.0, 284.0, 3.0, 0.0, 6.0, 0.0, 0.0, 0.0, 0.0, 1.0, 6.0, 3.0, 0.0, 0.0, 21.0, 0.0, 0.0, 0.0, 2.0, 0.0, 0.0, 1.0, 2.0, 0.0, 0.0, 4.0, 0.0, 0.0, 0.0], [0.0, 0.0, 0.0, 0.0, 0.0, 0.0, 0.0, 0.0, 0.0, 0.0, 0.0, 0.0, 0.0, 0.0, 0.0, 0.0, 0.0, 0.0, 0.0, 0.0, 0.0, 0.0, 0.0, 0.0, 0.0, 0.0, 0.0, 0.0, 0.0, 0.0, 0.0, 0.0, 0.0, 0.0, 0.0, 0.0, 0.0, 0.0, 0.0, 0.0, 0.0, 0.0, 0.0, 0.0, 0.0, 0.0, 0.0, 0.0, 0.0, 0.0, 0.0, 0.0, 0.0, 0.0, 0.0, 0.0, 0.0, 0.0, 0.0, 0.0, 0.0, 0.0, 0.0, 0.0, 0.0, 0.0, 0.0, 0.0, 0.0, 0.0, 0.0, 0.0, 0.0, 0.0, 0.0, 0.0, 0.0, 0.0, 0.0, 0.0, 0.0, 0.0, 0.0, 0.0, 0.0, 0.0, 0.0, 0.0, 0.0, 0.0, 0.0], [61150.0, 3361.0, 6005.0, 1338.0, 202.0, 1345.0, 573.0, 1156.0, 639.0, 2625.0, 133.0, 0.0, 155.0, 80.0, 1883.0, 358.0, 116.0, 381.0, 222.0, 163.0, 112.0, 235.0, 29.0, 9.0, 51.0, 0.0, 6734.0, 2953.0, 0.0, 0.0, 8366.0, 650.0, 6177.0, 333.0, 3250.0, 555.0, 450.0, 1691.0, 172.0, 122.0, 1310.0, 395.0, 307.0, 1346.0, 0.0, 141.0, 775.0, 111.0, 122.0, 86.0, 263.0, 243.0, 238.0, 111.0, 220.0, 5.0, 41.0, 70.0, 198.0, 133.0, 83.0, 3371.0, 261.0, 496.0, 234.0, 0.0, 750.0, 0.0, 0.0, 14.0, 0.0, 591.0, 621.0, 85.0, 282.0, 111.0, 1073.0, 28.0, 41.0, 3.0, 59.0, 55.0, 0.0, 1793.0, 473.0, 142.0, 22.0, 151.0, 1.0, 9.0, 0.0], [89198.0, 1983.0, 6885.0, 1520.0, 43.0, 707.0, 221.0, 1235.0, 4267.0, 1830.0, 110.0, 0.0, 96.0, 49.0, 2637.0, 1294.0, 60.0, 466.0, 413.0, 54.0, 266.0, 303.0, 7.0, 59.0, 60.0, 0.0, 2953.0, 33553.0, 0.0, 0.0, 9760.0, 658.0, 503.0, 135.0, 43.0, 3.0, 449.0, 2278.0, 30.0, 36.0, 261.0, 831.0, 184.0, 1172.0, 0.0, 317.0, 1045.0, 140.0, 172.0, 119.0, 378.0, 1475.0, 276.0, 121.0, 441.0, 42.0, 268.0, 143.0, 71.0, 78.0, 190.0, 21684.0, 67.0, 2383.0, 199.0, 0.0, 4340.0, 0.0, 0.0, 7.0, 0.0, 64.0, 50.0, 9.0, 16.0, 8.0, 467.0, 11.0, 9.0, 2.0, 10.0, 19.0, 0.0, 524.0, 365.0, 234.0, 28.0, 117.0, 0.0, 15.0, 0.0], [0.0, 0.0, 0.0, 0.0, 0.0, 0.0, 0.0, 0.0, 0.0, 0.0, 0.0, 0.0, 0.0, 0.0, 0.0, 0.0, 0.0, 0.0, 0.0, 0.0, 0.0, 0.0, 0.0, 0.0, 0.0, 0.0, 0.0, 0.0, 0.0, 0.0, 0.0, 0.0, 0.0, 0.0, 0.0, 0.0, 0.0, 0.0, 0.0, 0.0, 0.0, 0.0, 0.0, 0.0, 0.0, 0.0, 0.0, 0.0, 0.0, 0.0, 0.0, 0.0, 0.0, 0.0, 0.0, 0.0, 0.0, 0.0, 0.0, 0.0, 0.0, 0.0, 0.0, 0.0, 0.0, 0.0, 0.0, 0.0, 0.0, 0.0, 0.0, 0.0, 0.0, 0.0, 0.0, 0.0, 0.0, 0.0, 0.0, 0.0, 0.0, 0.0, 0.0, 0.0, 0.0, 0.0, 0.0, 0.0, 0.0, 0.0, 0.0], [0.0, 0.0, 0.0, 0.0, 0.0, 0.0, 0.0, 0.0, 0.0, 0.0, 0.0, 0.0, 0.0, 0.0, 0.0, 0.0, 0.0, 0.0, 0.0, 0.0, 0.0, 0.0, 0.0, 0.0, 0.0, 0.0, 0.0, 0.0, 0.0, 0.0, 0.0, 0.0, 0.0, 0.0, 0.0, 0.0, 0.0, 0.0, 0.0, 0.0, 0.0, 0.0, 0.0, 0.0, 0.0, 0.0, 0.0, 0.0, 0.0, 0.0, 0.0, 0.0, 0.0, 0.0, 0.0, 0.0, 0.0, 0.0, 0.0, 0.0, 0.0, 0.0, 0.0, 0.0, 0.0, 0.0, 0.0, 0.0, 0.0, 0.0, 0.0, 0.0, 0.0, 0.0, 0.0, 0.0, 0.0, 0.0, 0.0, 0.0, 0.0, 0.0, 0.0, 0.0, 0.0, 0.0, 0.0, 0.0, 0.0, 0.0, 0.0], [97752.0, 3232.0, 10664.0, 2209.0, 301.0, 2375.0, 899.0, 1919.0, 715.0, 4594.0, 272.0, 0.0, 249.0, 200.0, 2637.0, 1071.0, 159.0, 628.0, 418.0, 290.0, 207.0, 346.0, 92.0, 20.0, 134.0, 0.0, 8366.0, 9760.0, 0.0, 0.0, 12528.0, 1550.0, 7243.0, 197.0, 122.0, 17.0, 203.0, 2177.0, 90.0, 49.0, 440.0, 268.0, 221.0, 2809.0, 0.0, 1283.0, 2242.0, 344.0, 319.0, 418.0, 811.0, 1294.0, 689.0, 290.0, 836.0, 86.0, 200.0, 239.0, 376.0, 395.0, 270.0, 6068.0, 360.0, 1501.0, 232.0, 0.0, 1893.0, 0.0, 0.0, 55.0, 0.0, 779.0, 543.0, 105.0, 310.0, 123.0, 2666.0, 67.0, 99.0, 7.0, 195.0, 137.0, 0.0, 2251.0, 1027.0, 352.0, 51.0, 555.0, 13.0, 63.0, 0.0], [39041.0, 234.0, 1286.0, 297.0, 101.0, 228.0, 131.0, 251.0, 38.0, 303.0, 16.0, 0.0, 11.0, 19.0, 421.0, 58.0, 54.0, 98.0, 647.0, 255.0, 163.0, 81.0, 1.0, 13.0, 2.0, 0.0, 650.0, 658.0, 0.0, 0.0, 1550.0, 9311.0, 594.0, 7.0, 47.0, 1.0, 194.0, 16.0, 92.0, 133.0, 232.0, 14.0, 221.0, 1543.0, 0.0, 2063.0, 2440.0, 596.0, 681.0, 362.0, 468.0, 61.0, 31.0, 70.0, 36.0, 18.0, 44.0, 25.0, 54.0, 101.0, 800.0, 5088.0, 219.0, 579.0, 65.0, 0.0, 1416.0, 0.0, 0.0, 16.0, 0.0, 197.0, 255.0, 35.0, 85.0, 53.0, 583.0, 8.0, 29.0, 0.0, 44.0, 35.0, 0.0, 1560.0, 215.0, 298.0, 84.0, 626.0, 1.0, 14.0, 0.0], [27818.0, 412.0, 2269.0, 175.0, 350.0, 395.0, 481.0, 1194.0, 336.0, 391.0, 33.0, 0.0, 30.0, 28.0, 854.0, 61.0, 267.0, 171.0, 42.0, 13.0, 20.0, 4.0, 4.0, 4.0, 4.0, 0.0, 6177.0, 503.0, 0.0, 0.0, 7243.0, 594.0, 16431.0, 7.0, 11.0, 14.0, 55.0, 36.0, 4.0, 7.0, 27.0, 2.0, 17.0, 639.0, 0.0, 54.0, 284.0, 14.0, 19.0, 19.0, 132.0, 42.0, 37.0, 3.0, 38.0, 0.0, 7.0, 2.0, 16.0, 17.0, 18.0, 1985.0, 176.0, 403.0, 319.0, 0.0, 168.0, 0.0, 0.0, 7.0, 0.0, 1078.0, 123.0, 23.0, 69.0, 30.0, 322.0, 20.0, 20.0, 2.0, 37.0, 23.0, 0.0, 1532.0, 221.0, 45.0, 10.0, 126.0, 11.0, 2.0, 0.0], [10717.0, 63.0, 1112.0, 8.0, 4.0, 4.0, 0.0, 174.0, 77.0, 7.0, 4.0, 0.0, 7.0, 7.0, 292.0, 87.0, 2.0, 769.0, 2.0, 0.0, 7.0, 0.0, 5.0, 0.0, 0.0, 0.0, 333.0, 135.0, 0.0, 0.0, 197.0, 7.0, 7.0, 1102.0, 0.0, 0.0, 82.0, 19.0, 3.0, 1.0, 2.0, 2.0, 8.0, 173.0, 0.0, 4.0, 135.0, 5.0, 5.0, 0.0, 10.0, 6.0, 0.0, 2.0, 0.0, 0.0, 0.0, 0.0, 2.0, 0.0, 2.0, 537.0, 10.0, 38.0, 5.0, 0.0, 97.0, 0.0, 0.0, 0.0, 0.0, 7.0, 10.0, 0.0, 3.0, 1.0, 39.0, 1.0, 1.0, 1.0, 1.0, 9.0, 0.0, 16.0, 13.0, 0.0, 1.0, 2.0, 0.0, 0.0, 0.0], [42097.0, 7.0, 574.0, 7.0, 5.0, 51.0, 8.0, 107.0, 62.0, 56.0, 0.0, 0.0, 16.0, 2.0, 463.0, 3.0, 1.0, 113.0, 11.0, 0.0, 0.0, 0.0, 0.0, 0.0, 0.0, 0.0, 3250.0, 43.0, 0.0, 0.0, 122.0, 47.0, 11.0, 0.0, 9561.0, 2967.0, 0.0, 4.0, 0.0, 4.0, 4.0, 19.0, 0.0, 62.0, 0.0, 5.0, 27.0, 0.0, 3.0, 0.0, 10.0, 3.0, 0.0, 0.0, 2.0, 0.0, 0.0, 0.0, 0.0, 0.0, 8.0, 306.0, 2.0, 11.0, 2.0, 0.0, 119.0, 0.0, 0.0, 0.0, 0.0, 8.0, 0.0, 4.0, 0.0, 4.0, 19.0, 1.0, 1.0, 0.0, 1.0, 1.0, 0.0, 0.0, 9.0, 0.0, 0.0, 11.0, 0.0, 1.0, 0.0], [14394.0, 1.0, 213.0, 2.0, 0.0, 4.0, 3.0, 51.0, 16.0, 26.0, 2.0, 0.0, 8.0, 0.0, 268.0, 0.0, 0.0, 13.0, 1.0, 0.0, 0.0, 0.0, 0.0, 0.0, 0.0, 0.0, 555.0, 3.0, 0.0, 0.0, 17.0, 1.0, 14.0, 0.0, 2967.0, 2535.0, 18.0, 8.0, 0.0, 2.0, 38.0, 80.0, 0.0, 16.0, 0.0, 0.0, 2.0, 0.0, 0.0, 0.0, 1.0, 8.0, 0.0, 0.0, 0.0, 0.0, 0.0, 0.0, 0.0, 0.0, 0.0, 153.0, 11.0, 5.0, 2.0, 0.0, 9.0, 0.0, 0.0, 0.0, 0.0, 1.0, 1.0, 0.0, 11.0, 1.0, 14.0, 0.0, 0.0, 0.0, 0.0, 0.0, 0.0, 18.0, 6.0, 0.0, 0.0, 1.0, 0.0, 0.0, 0.0], [32589.0, 127.0, 1597.0, 44.0, 3.0, 18.0, 4.0, 155.0, 134.0, 103.0, 11.0, 0.0, 6.0, 1.0, 1398.0, 8.0, 29.0, 168.0, 53.0, 5.0, 4.0, 85.0, 23.0, 1.0, 1.0, 0.0, 450.0, 449.0, 0.0, 0.0, 203.0, 194.0, 55.0, 82.0, 0.0, 18.0, 8016.0, 99.0, 1926.0, 2120.0, 18.0, 45.0, 5927.0, 468.0, 0.0, 13.0, 159.0, 10.0, 11.0, 5.0, 51.0, 3.0, 2.0, 15.0, 3.0, 0.0, 4.0, 15.0, 9.0, 32.0, 46.0, 5113.0, 75.0, 145.0, 25.0, 0.0, 96.0, 0.0, 0.0, 0.0, 0.0, 67.0, 25.0, 23.0, 60.0, 19.0, 87.0, 11.0, 10.0, 0.0, 5.0, 5.0, 0.0, 211.0, 92.0, 19.0, 7.0, 225.0, 2.0, 2.0, 0.0], [79958.0, 798.0, 5646.0, 176.0, 24.0, 240.0, 6.0, 1081.0, 1062.0, 132.0, 4.0, 0.0, 33.0, 2.0, 580.0, 530.0, 2.0, 296.0, 15.0, 2.0, 100.0, 0.0, 0.0, 0.0, 0.0, 0.0, 1691.0, 2278.0, 0.0, 0.0, 2177.0, 16.0, 36.0, 19.0, 4.0, 8.0, 99.0, 36795.0, 0.0, 11.0, 7.0, 1162.0, 0.0, 144.0, 0.0, 64.0, 125.0, 0.0, 1.0, 0.0, 19.0, 11.0, 20.0, 4.0, 0.0, 1.0, 0.0, 0.0, 0.0, 0.0, 2.0, 1698.0, 6.0, 36.0, 0.0, 0.0, 95.0, 0.0, 0.0, 0.0, 0.0, 0.0, 0.0, 0.0, 0.0, 3.0, 47.0, 0.0, 0.0, 0.0, 0.0, 12.0, 0.0, 71.0, 36.0, 9.0, 12.0, 42.0, 0.0, 0.0, 0.0], [22873.0, 16.0, 566.0, 3.0, 16.0, 5.0, 0.0, 52.0, 16.0, 11.0, 12.0, 0.0, 5.0, 1.0, 1226.0, 6.0, 2.0, 17.0, 0.0, 0.0, 0.0, 1.0, 0.0, 0.0, 0.0, 0.0, 172.0, 30.0, 0.0, 0.0, 90.0, 92.0, 4.0, 3.0, 0.0, 0.0, 1926.0, 0.0, 1869.0, 3187.0, 1.0, 0.0, 3.0, 206.0, 0.0, 2.0, 122.0, 0.0, 3.0, 0.0, 4.0, 0.0, 3.0, 2.0, 0.0, 0.0, 0.0, 1.0, 0.0, 17.0, 2.0, 2977.0, 8.0, 8.0, 0.0, 0.0, 5.0, 0.0, 0.0, 0.0, 0.0, 46.0, 0.0, 9.0, 2.0, 9.0, 49.0, 0.0, 0.0, 0.0, 0.0, 1.0, 0.0, 39.0, 28.0, 14.0, 10.0, 0.0, 0.0, 0.0, 0.0], [27420.0, 19.0, 784.0, 4.0, 35.0, 12.0, 0.0, 68.0, 6.0, 30.0, 6.0, 0.0, 7.0, 0.0, 957.0, 3.0, 4.0, 12.0, 2.0, 0.0, 2.0, 0.0, 0.0, 0.0, 0.0, 0.0, 122.0, 36.0, 0.0, 0.0, 49.0, 133.0, 7.0, 1.0, 4.0, 2.0, 2120.0, 11.0, 3187.0, 1928.0, 1.0, 0.0, 1.0, 162.0, 0.0, 0.0, 90.0, 0.0, 0.0, 0.0, 1.0, 0.0, 1.0, 0.0, 1.0, 0.0, 0.0, 1.0, 1.0, 0.0, 5.0, 3440.0, 3.0, 10.0, 1.0, 0.0, 3.0, 0.0, 0.0, 0.0, 0.0, 16.0, 0.0, 0.0, 2.0, 0.0, 22.0, 0.0, 0.0, 0.0, 0.0, 0.0, 0.0, 13.0, 22.0, 0.0, 0.0, 0.0, 0.0, 0.0, 0.0], [31435.0, 864.0, 3306.0, 92.0, 2.0, 68.0, 20.0, 347.0, 100.0, 535.0, 39.0, 0.0, 31.0, 18.0, 1225.0, 116.0, 4.0, 101.0, 4.0, 0.0, 0.0, 0.0, 1.0, 1.0, 0.0, 0.0, 1310.0, 261.0, 0.0, 0.0, 440.0, 232.0, 27.0, 2.0, 4.0, 38.0, 18.0, 7.0, 1.0, 1.0, 4903.0, 27.0, 0.0, 284.0, 0.0, 2.0, 75.0, 0.0, 1.0, 1.0, 12.0, 0.0, 0.0, 3.0, 0.0, 0.0, 0.0, 11.0, 5.0, 0.0, 3.0, 419.0, 21.0, 200.0, 5.0, 0.0, 68.0, 0.0, 0.0, 0.0, 0.0, 17.0, 13.0, 0.0, 1.0, 1.0, 104.0, 0.0, 3.0, 0.0, 1.0, 4.0, 0.0, 32.0, 20.0, 6.0, 0.0, 5.0, 0.0, 0.0, 0.0], [28027.0, 155.0, 918.0, 14.0, 27.0, 21.0, 5.0, 176.0, 1164.0, 35.0, 18.0, 0.0, 8.0, 0.0, 152.0, 406.0, 2.0, 178.0, 1.0, 12.0, 4.0, 0.0, 0.0, 2.0, 1.0, 0.0, 395.0, 831.0, 0.0, 0.0, 268.0, 14.0, 2.0, 2.0, 19.0, 80.0, 45.0, 1162.0, 0.0, 0.0, 27.0, 8582.0, 0.0, 117.0, 0.0, 5.0, 83.0, 0.0, 0.0, 1.0, 4.0, 6.0, 0.0, 0.0, 0.0, 0.0, 0.0, 0.0, 5.0, 1.0, 5.0, 764.0, 9.0, 48.0, 9.0, 0.0, 76.0, 0.0, 0.0, 0.0, 0.0, 3.0, 2.0, 1.0, 6.0, 0.0, 34.0, 13.0, 1.0, 0.0, 1.0, 13.0, 0.0, 42.0, 15.0, 7.0, 0.0, 3.0, 0.0, 0.0, 0.0], [23944.0, 42.0, 769.0, 6.0, 8.0, 12.0, 0.0, 52.0, 10.0, 81.0, 5.0, 0.0, 7.0, 0.0, 1012.0, 1.0, 9.0, 35.0, 1.0, 0.0, 0.0, 0.0, 0.0, 0.0, 0.0, 0.0, 307.0, 184.0, 0.0, 0.0, 221.0, 221.0, 17.0, 8.0, 0.0, 0.0, 5927.0, 0.0, 3.0, 1.0, 0.0, 0.0, 3173.0, 416.0, 0.0, 1.0, 62.0, 0.0, 0.0, 0.0, 6.0, 2.0, 0.0, 0.0, 4.0, 0.0, 1.0, 1.0, 0.0, 0.0, 0.0, 4958.0, 22.0, 243.0, 1.0, 0.0, 18.0, 0.0, 0.0, 0.0, 0.0, 11.0, 10.0, 1.0, 4.0, 2.0, 53.0, 2.0, 3.0, 0.0, 1.0, 6.0, 0.0, 110.0, 135.0, 3.0, 1.0, 3.0, 0.0, 2.0, 0.0], [58126.0, 783.0, 1492.0, 357.0, 51.0, 60.0, 62.0, 365.0, 456.0, 166.0, 33.0, 0.0, 51.0, 4.0, 1423.0, 307.0, 889.0, 598.0, 137.0, 105.0, 75.0, 50.0, 8.0, 3.0, 19.0, 0.0, 1346.0, 1172.0, 0.0, 0.0, 2809.0, 1543.0, 639.0, 173.0, 62.0, 16.0, 468.0, 144.0, 206.0, 162.0, 284.0, 117.0, 416.0, 64953.0, 0.0, 21145.0, 30104.0, 4777.0, 11156.0, 7748.0, 17728.0, 4228.0, 3198.0, 3166.0, 3723.0, 1156.0, 2202.0, 1916.0, 4099.0, 2032.0, 2819.0, 23444.0, 1866.0, 4483.0, 609.0, 0.0, 12890.0, 0.0, 0.0, 1267.0, 0.0, 2117.0, 1922.0, 564.0, 1847.0, 705.0, 2058.0, 2239.0, 4924.0, 429.0, 6273.0, 5199.0, 0.0, 11255.0, 1856.0, 4071.0, 765.0, 418.0, 137.0, 1768.0, 0.0], [0.0, 0.0, 0.0, 0.0, 0.0, 0.0, 0.0, 0.0, 0.0, 0.0, 0.0, 0.0, 0.0, 0.0, 0.0, 0.0, 0.0, 0.0, 0.0, 0.0, 0.0, 0.0, 0.0, 0.0, 0.0,