{"KG_COCO_info": {"S": [[0.3820488966945777, 0.00010272465494364356, 0.0002942664506676217, 5.402674999784556e-05, 8.030250034623907e-05, 0.0001107384874480094, 0.00020187991933911457, 7.261558707657047e-05, 0.000321163141693528, 4.4984006353485515e-05, 5.5843445444131995e-06, 0.0, 8.925871690291441e-06, 2.1028062526920998e-05, 7.174675857876632e-05, 0.00017585582321580278, 8.433841096409186e-05, 0.0004462846795720703, 0.00018204367341774583, 0.00011606552337235053, 0.0002597497249842337, 4.103854330337297e-05, 0.0002489881709435818, 4.4226456159444405e-05, 0.00029523746797703446, 0.0, 0.00013982964549199374, 2.7597427209429552e-05, 0.0, 0.0, 6.380884685395112e-05, 0.00014149803581220663, 0.00024468277119037455, 1.9956895527324344e-05, 9.626314163983415e-06, 3.14358688646176e-05, 2.349506991621468e-05, 3.2461470252968726e-05, 1.550842688549358e-05, 1.531414359522071e-05, 3.319113328195789e-05, 1.893483536492597e-05, 6.998093034980771e-06, 0.0001329846782920426, 0.0, 1.2820358344610683e-05, 0.00010907456919056512, 0.00011399358941540203, 7.226000405144085e-05, 0.00010259289344177512, 5.8647561694554234e-05, 2.867103684633042e-05, 7.038026900907093e-05, 0.00015756872458218784, 0.00013074799655060778, 1.4977599188777914e-06, 3.581462499198e-05, 7.069255183180462e-05, 6.981294999894274e-05, 0.0001135194590224652, 0.0003496553704459134, 0.00011837007721762033, 3.480409966369513e-05, 1.2718825197292257e-05, 0.000420970627928798, 0.0, 1.3765917628061386e-05, 0.0, 0.0, 9.562345132863919e-05, 0.0, 0.0002672307801625083, 8.498171926543392e-05, 0.00012441619054075857, 9.661811778573733e-05, 0.00013287358268173062, 4.612286368126284e-05, 1.5400005657298823e-05, 7.841750559280852e-05, 2.7989832816701004e-05, 8.347137472179606e-05, 0.0001423498310978344, 0.0, 0.0002688314713388437, 0.00016202818521773404, 3.9613324210410426e-05, 3.4785115669914287e-05, 5.309033882611382e-06, 3.1075720624269133e-06, 8.705398849540005e-06, 0.0], [0.00010272465494364356, 0.2703839112865591, 0.00036804543096170865, 0.0020680746435412993, 8.131283037867376e-05, 0.00011991362950726321, 9.693110866475728e-05, 0.0001213163487026527, 6.0446801612438954e-05, 1.1154023740147775e-05, 9.465649121706232e-07, 0.0, 9.112602151186693e-07, 6.28624532012854e-06, 2.5862412114802913e-05, 5.833860256406631e-05, 9.777181989815441e-06, 3.106398238450368e-05, 0.0002579590221750203, 8.580363707733472e-06, 1.4795166342689483e-05, 4.902223403131261e-06, 2.7574389966075467e-05, 7.87543992855845e-06, 4.204525088838956e-05, 0.0, 4.75522549455814e-05, 1.0448566414791637e-05, 0.0, 0.0, 6.710778736677376e-06, 3.198164322771882e-05, 1.9852919608128957e-05, 6.8957404215264664e-06, 4.924274339911171e-06, 2.3054552314756152e-05, 6.705974748131315e-06, 2.2768468617519683e-05, 3.1679945456749023e-06, 1.2624346023373363e-06, 3.371843952590067e-05, 9.679331891467136e-06, 1.1702113809346858e-06, 2.7103728272430163e-05, 0.0, 4.324913369031382e-06, 1.3111009841450512e-05, 0.0001301736224199542, 1.0636070813281558e-05, 7.508194909909365e-06, 4.472411205441454e-05, 4.057610565532556e-06, 9.172942987635829e-06, 1.5203484255583991e-05, 8.874874216308013e-06, 3.0198357135836195e-07, 2.4116680031130584e-06, 4.123236263074049e-06, 9.735359249086587e-06, 1.4638843321697229e-05, 1.8059550160189034e-05, 5.7308269189050534e-05, 7.953304074166325e-06, 2.592488738011321e-06, 2.4543635488766216e-05, 0.0, 3.301857284104977e-06, 0.0, 0.0, 2.375368468345284e-05, 0.0, 1.2849514179709716e-05, 4.909838702328947e-06, 1.2905360055408195e-05, 9.394451527538542e-06, 2.0011493886743733e-05, 8.375109511107563e-06, 2.747829639691082e-06, 1.007735353099582e-05, 2.9540366988690083e-06, 1.152814659393192e-05, 3.341104404718998e-05, 0.0, 4.0151908864999546e-05, 7.403274431236645e-05, 5.843971745938221e-06, 9.445800654130902e-06, 1.1071714367956143e-06, 5.797778182820872e-07, 2.2281565562119476e-06, 0.0], [0.0002942664506676217, 0.00036804543096170865, 0.28230832028795755, 0.00037500996040075793, 0.0003201969657798171, 0.0023774625580403963, 0.001283272587510056, 0.0014827299285313596, 0.0008816001145147925, 4.21395650339588e-05, 2.755274336725502e-06, 0.0, 3.9178260185991706e-05, 3.3911953452832726e-05, 0.0001029043988544411, 0.00012153930033990428, 6.422453247770826e-05, 5.587502531484925e-05, 0.0004203340640791979, 3.8129341802052584e-05, 0.00010841644377962183, 6.73382970478623e-05, 7.999445924307499e-05, 2.2392144417050684e-05, 1.9276434487719752e-05, 0.0, 5.726056436833019e-05, 0.00011879805582402796, 0.0, 0.0, 1.4902131626376918e-05, 7.406712375867217e-05, 0.00012187391519988359, 2.420840546779655e-05, 2.5513859277327455e-05, 3.0439919427055735e-05, 8.032005985198289e-06, 2.071072351074861e-05, 1.0520421204055364e-05, 4.545565312386902e-06, 8.41442236828915e-05, 2.1001074691331293e-05, 2.694055653301999e-06, 3.8624489387866963e-05, 0.0, 5.743940594499514e-06, 4.200915563744541e-05, 4.06880083711496e-05, 2.989913559822554e-05, 1.8355520894131803e-05, 6.662425540809999e-05, 8.035807397961148e-06, 5.074231856247589e-05, 3.777615224403881e-05, 3.371130556350524e-05, 5.554170626539812e-07, 7.425419704482318e-06, 8.94944172385274e-06, 5.0471260297195445e-05, 0.00011447131256615649, 2.7527854103233217e-05, 0.00022707388603791044, 2.754456999513778e-05, 2.4057615338967974e-06, 8.982089021706952e-05, 0.0, 1.0615170803510749e-05, 0.0, 0.0, 6.73513957658732e-05, 0.0, 5.109728332490167e-05, 2.4353625916027188e-05, 5.055964556475663e-05, 3.9760862226592755e-05, 9.099656022195235e-05, 3.2691770543725996e-05, 1.979075435467119e-05, 3.281064299448434e-05, 2.506831964642375e-05, 3.785446062711069e-05, 0.0001600342672821742, 0.0, 0.00011157749467231348, 0.00019599283982963214, 1.1142702918972434e-05, 1.6910465362307445e-05, 4.033165368920029e-06, 2.0628128227527676e-06, 8.195488960811519e-06, 0.0], [5.402674999784556e-05, 0.0020680746435412993, 0.00037500996040075793, 0.25300957442253336, 3.468550846861421e-05, 5.085449979598071e-05, 5.6911904976324325e-05, 2.7253155051216507e-05, 6.571910087928588e-05, 4.335532729719149e-06, 5.29320958968344e-07, 0.0, 6.999669332256536e-07, 3.0297453307385317e-06, 8.042593052687659e-06, 2.9603071030630814e-05, 7.003217211315879e-06, 1.161404377363471e-05, 0.0001587844702711699, 9.912176602278668e-06, 1.276654971889699e-05, 3.233260458364043e-06, 1.8622793196262045e-05, 5.395226623165316e-06, 8.540372894580104e-06, 0.0, 1.1441767356512392e-05, 4.003488566969566e-06, 0.0, 0.0, 2.609962286443085e-06, 1.9815838528893903e-05, 8.870807237198974e-06, 2.914156144178671e-06, 2.3258123723923578e-06, 3.606210153410142e-06, 3.1668152478297868e-06, 7.5475569274363165e-06, 1.723395944207081e-06, 1.528403545533541e-06, 1.490176539063145e-05, 2.5025344499198406e-06, 7.874840043937606e-07, 1.4211714782040534e-05, 0.0, 1.5320491688911222e-06, 8.834265682751445e-06, 1.1505319953351622e-05, 6.035011255030544e-06, 3.7791155842529682e-06, 1.0311456156329677e-05, 1.6559575250126363e-06, 5.84413897409606e-06, 2.8491208886686772e-05, 4.625378785595576e-06, 1.3247895574082047e-07, 2.5595125756412435e-06, 2.342859312626633e-06, 4.426739990649741e-06, 1.822017946603749e-05, 6.496802417209581e-06, 2.717021850678672e-05, 4.515219818870926e-06, 4.650061992106259e-07, 4.287015126805862e-05, 0.0, 1.3732374264149708e-06, 0.0, 0.0, 1.2449940845067965e-05, 0.0, 7.247233458478787e-06, 2.9679233385894093e-06, 1.0559529388955299e-05, 7.440634128224289e-06, 1.274835651572978e-05, 4.340574507472841e-06, 1.4545057542094618e-06, 5.560723155947391e-06, 2.013932236657704e-06, 1.1420897702445544e-05, 2.3808357102088087e-05, 0.0, 2.2520201728485524e-05, 4.5768698019940744e-05, 3.3000463294896253e-06, 4.559367059481904e-06, 6.029116227679023e-07, 3.764202335638954e-07, 1.4682347047558537e-06, 0.0], [8.030250034623907e-05, 8.131283037867376e-05, 0.0003201969657798171, 3.468550846861421e-05, 0.28241594464260633, 0.00017690276001226265, 0.00012727745856017732, 7.500703974919541e-05, 0.00021456522969578838, 7.085636053056746e-06, 2.022227113535969e-06, 0.0, 1.21607077748697e-06, 3.877115402161782e-06, 4.419806935160528e-05, 0.0006278043297464941, 1.7000306772146375e-05, 2.383443257859075e-05, 8.7725643641752e-05, 1.5511322529296694e-05, 2.2142507588726414e-05, 7.83101965132264e-06, 3.8377469803339944e-05, 5.2089487069600785e-06, 7.165786903325825e-06, 0.0, 2.6693436976625105e-05, 2.4437664567110564e-05, 0.0, 0.0, 1.0217027741835585e-05, 2.998308812807164e-05, 0.0004922166476284751, 1.0323054128695544e-05, 5.953928093039844e-06, 2.5657555830229145e-05, 4.03583623866018e-06, 9.793012269960578e-05, 4.498369483125383e-06, 1.8253279191077871e-06, 2.0362749650673344e-05, 6.087616108380812e-06, 1.2836514339383945e-06, 1.6628910145615514e-05, 0.0, 2.206760398097779e-06, 1.7129006744063388e-05, 2.138233603742646e-05, 2.256798719437873e-05, 5.656945180751791e-06, 1.3044282068815622e-05, 3.2010957794081367e-06, 8.715577954538849e-06, 1.566013115053712e-05, 1.0362831176965788e-05, 3.1075388400602876e-07, 2.6250134131553854e-06, 2.625534839979324e-06, 8.812085713134181e-06, 5.23249307477793e-06, 9.675340205577073e-06, 6.043469694008982e-05, 8.139325470169375e-06, 1.0273513168044586e-06, 3.130219322596308e-05, 0.0, 3.071386127220746e-06, 0.0, 0.0, 5.507274172608017e-05, 0.0, 1.560999379772309e-05, 6.140015376936387e-06, 1.8277243061489153e-05, 1.4771969533449165e-05, 2.621952783419415e-05, 1.1308595330038141e-05, 4.213976455070819e-06, 1.0344545677340064e-05, 5.418467992834071e-06, 1.571489998500179e-05, 3.0035896500511058e-05, 0.0, 5.99620744627319e-05, 3.3355255324827695e-05, 4.720498079777235e-06, 1.115963162346226e-05, 1.0199067389667565e-06, 7.457975912599496e-07, 1.182928718285419e-05, 0.0], [0.0001107384874480094, 0.00011991362950726321, 0.0023774625580403963, 5.085449979598071e-05, 0.00017690276001226265, 0.27210003498996754, 0.00022300001969454723, 0.0001717137569540557, 0.0001735722138396228, 1.56966350327459e-05, 1.4326720382742268e-06, 0.0, 5.6583297128920865e-06, 1.0357551592040856e-05, 0.00013681454669362523, 9.096185152094086e-05, 1.7698381620237712e-05, 2.4770781514342212e-05, 9.236680497861347e-05, 1.867957646969359e-05, 2.241500749247588e-05, 6.782061595131895e-06, 4.616422178107984e-05, 6.504439985086292e-06, 1.3759683022989557e-05, 0.0, 3.94582821738871e-05, 2.5756321172486124e-05, 0.0, 0.0, 7.60926426166095e-06, 4.426481044243914e-05, 5.225921211806931e-05, 1.1059496644961456e-05, 2.095458761520808e-06, 9.690122164896499e-06, 3.8370376011535995e-06, 9.987480283212541e-06, 4.26033789049684e-06, 1.4156471215823597e-06, 1.3536016368887801e-05, 6.041668649794476e-06, 1.26058087731063e-06, 2.0452462040354158e-05, 0.0, 3.25075229925101e-06, 1.3094711184689072e-05, 7.818048186457524e-06, 1.2217735902365406e-05, 8.91469906947444e-06, 1.866133742528778e-05, 4.640399866887329e-06, 3.36946226465466e-05, 1.2988890446726182e-05, 8.725138288728584e-06, 4.014346734623047e-07, 3.569247737161988e-06, 3.2005231725095664e-06, 1.0670763472424048e-05, 6.961898859872446e-06, 1.0070148190989006e-05, 4.943675657268979e-05, 6.5192852844929655e-06, 1.2863642547849243e-06, 3.147253406883682e-05, 0.0, 5.329160867817259e-06, 0.0, 0.0, 3.0490078202173318e-05, 0.0, 2.11438600525311e-05, 1.6616268451870273e-05, 1.8380277978961627e-05, 1.9367339630602995e-05, 3.0512462152337485e-05, 1.2988428830922463e-05, 3.2810277690729594e-06, 1.9737354288365248e-05, 3.828635207865505e-06, 1.6915424930825613e-05, 2.992849025227074e-05, 0.0, 6.344880027980855e-05, 3.2155461336220764e-05, 6.550452235046137e-06, 7.289363028945394e-06, 9.167225644751076e-07, 7.719073026684501e-07, 2.649297660319609e-06, 0.0], [0.00020187991933911457, 9.693110866475728e-05, 0.001283272587510056, 5.6911904976324325e-05, 0.00012727745856017732, 0.00022300001969454723, 0.22290095334381202, 0.00010226511015343208, 0.00011406523754520872, 1.628615878859995e-05, 1.8796905010848417e-06, 0.0, 2.3441020161538786e-06, 8.739591318943e-06, 7.020178190321065e-05, 0.0002811906225164254, 5.1766473122457314e-05, 5.673774744257285e-05, 0.00014399362087898576, 2.636739923174586e-05, 3.533119746283214e-05, 1.2867647207247265e-05, 7.13038760345669e-05, 9.738038005844844e-06, 1.5816770966975976e-05, 0.0, 5.748266469039011e-05, 1.3394281043972063e-05, 0.0, 0.0, 1.0528178511810136e-05, 0.00017199085637083003, 8.431267462858761e-05, 9.271566846191928e-06, 1.260599215780786e-05, 1.927458294961226e-05, 1.4176118642819298e-05, 5.824781794808112e-05, 7.873723248292665e-06, 4.929993525478323e-06, 2.2872786645674026e-05, 7.173485406687584e-05, 3.333143492405969e-06, 3.9104233042193694e-05, 0.0, 5.700800734862924e-06, 2.547834413760314e-05, 2.4619200327490367e-05, 3.0392045487061064e-05, 1.1900133065666202e-05, 3.1241853733606916e-05, 8.087492500924761e-06, 1.668502159252259e-05, 2.714274484483089e-05, 1.6237210809916006e-05, 6.621697989495612e-07, 6.405525051696366e-06, 8.881746762091503e-06, 1.894944558969226e-05, 1.223970892899493e-05, 2.418706315807723e-05, 6.816603571811835e-05, 1.1619327197069835e-05, 2.68989968340397e-06, 6.646901445597303e-05, 0.0, 1.0658882787709985e-05, 0.0, 0.0, 5.044444998118665e-05, 0.0, 4.1056652976810367e-05, 2.3513635433213792e-05, 6.338132366990686e-05, 7.233331971007153e-05, 9.024317467104715e-05, 1.8060428233701934e-05, 6.7684947283737414e-06, 1.954585881764056e-05, 6.931341787646964e-06, 3.3592682827316567e-05, 3.229355653268235e-05, 0.0, 0.00012315572316316033, 7.248746446530942e-05, 1.0536913725602827e-05, 1.7462517506038486e-05, 1.9027639081862432e-06, 2.3568399534374553e-06, 5.822991703032568e-06, 0.0], [7.261558707657047e-05, 0.0001213163487026527, 0.0014827299285313596, 2.7253155051216507e-05, 7.500703974919541e-05, 0.0001717137569540557, 0.00010226511015343208, 0.2389375138648858, 0.00018095332800437445, 5.889351486147599e-06, 1.5454802547216486e-05, 0.0, 2.4198067972944127e-06, 1.3637936728607098e-05, 2.025714035751837e-05, 9.956482779273145e-05, 2.0364005857344242e-05, 1.9824917835239145e-05, 7.52679154110303e-05, 2.076863529615987e-05, 2.084333812098788e-05, 9.297623792583815e-06, 4.389372991472875e-05, 3.861424940323959e-06, 5.262511986516489e-06, 0.0, 2.990390149167227e-05, 1.0254875626958814e-05, 0.0, 0.0, 5.7354423734089895e-06, 3.50842633330997e-05, 3.102557165342609e-05, 1.384273235972553e-05, 3.557798639229147e-06, 8.9320397480454e-06, 2.8835901248614884e-06, 1.005379864044161e-05, 2.983038105154497e-06, 1.487522242648632e-06, 0.00021954060720993338, 5.8842040056703185e-06, 8.472177542543374e-07, 2.2164369500338577e-05, 0.0, 4.054054315943021e-06, 1.2583579323331724e-05, 9.048256554390165e-06, 1.474429824474515e-05, 5.830561884514398e-06, 1.847136774862324e-05, 4.78515497779337e-06, 1.107141606590873e-05, 2.0483992188942497e-05, 1.0723372403193971e-05, 3.532230890327477e-07, 3.9309492070943275e-06, 5.542403546343057e-06, 1.80375695075478e-05, 2.6440562512466875e-05, 1.610794736703583e-05, 2.292488008316969e-05, 1.0797488282091508e-05, 9.22609722143967e-07, 0.00018812498668964656, 0.0, 7.332525053418916e-06, 0.0, 0.0, 1.7024325877257638e-05, 0.0, 2.0279397252687116e-05, 6.973171328022928e-06, 1.6960657832608397e-05, 1.1852004137457017e-05, 1.7695531720030855e-05, 1.350133811049101e-05, 2.8908001548524966e-06, 1.4071516312065284e-05, 9.353358387527824e-06, 3.1105530665723096e-05, 4.578985250540586e-05, 0.0, 3.8818319640677994e-05, 2.4295717718338988e-05, 6.378638434491533e-06, 7.089590018499301e-06, 9.697451209253816e-07, 5.851201337473449e-07, 2.084024716443616e-06, 0.0], [0.000321163141693528, 6.0446801612438954e-05, 0.0008816001145147925, 6.571910087928588e-05, 0.00021456522969578838, 0.0001735722138396228, 0.00011406523754520872, 0.00018095332800437445, 0.2734257693030168, 1.0402543584721257e-05, 2.1555218560324257e-06, 0.0, 2.3294167216249147e-06, 6.836752572562452e-06, 3.355139806524575e-05, 9.430094167408902e-05, 4.2833804689772174e-05, 4.799981773342428e-05, 0.0001255184642836378, 3.183202326661905e-05, 3.1249962796439124e-05, 1.0356201784429762e-05, 0.00011328164533909054, 7.224985614794193e-06, 2.6771912562626016e-05, 0.0, 7.451684566427492e-05, 1.5167883970643394e-05, 0.0, 0.0, 9.64144733103147e-06, 5.916196838471128e-05, 5.553425653943817e-05, 9.659783952341254e-06, 5.978961883555498e-05, 3.045037386419916e-05, 6.485013439004762e-06, 5.326263788501808e-05, 1.5211729158315745e-05, 5.809859801995228e-06, 7.09232844980046e-05, 7.060433774628709e-05, 3.485742443745889e-06, 0.00038674060407514966, 0.0, 3.5970749956443114e-05, 0.00019357458711890816, 6.988544039584363e-05, 0.00011203053582502732, 8.959830353094871e-05, 0.00016132009879386535, 1.7791939218678992e-05, 1.7057035309262116e-05, 2.0735114461733817e-05, 2.042099131465467e-05, 4.908297607024121e-07, 5.7441168664135755e-06, 6.4201588122859245e-06, 2.6735312781396504e-05, 8.962153236280424e-06, 2.190136775049537e-05, 0.000867127929998283, 2.1136863782354805e-05, 2.371683096550592e-06, 8.365417165543147e-05, 0.0, 9.150267401308927e-06, 0.0, 0.0, 0.000103519381254808, 0.0, 3.163930821387982e-05, 1.6580527129837695e-05, 4.5937661710460484e-05, 2.32028669004774e-05, 4.68425461124396e-05, 2.5810545941849208e-05, 5.263407799722192e-06, 1.997211005535883e-05, 7.850077621553498e-06, 0.0001447163281859696, 6.172125592591242e-05, 0.0, 8.987728633381201e-05, 5.5323661981936165e-05, 3.761246931489979e-05, 2.962698114556589e-05, 1.7297628429455944e-06, 1.439243561459624e-06, 5.4677237797304e-06, 0.0], [4.4984006353485515e-05, 1.1154023740147775e-05, 4.21395650339588e-05, 4.335532729719149e-06, 7.085636053056746e-06, 1.56966350327459e-05, 1.628615878859995e-05, 5.889351486147599e-06, 1.0402543584721257e-05, 0.23121187336997687, 7.495120986343471e-07, 0.0, 4.034285419754442e-06, 1.3038606446192763e-06, 4.518001698316764e-06, 2.2249795710928564e-05, 3.4850915564964483e-06, 5.342308412658289e-06, 1.3875016804620954e-05, 4.930418959392366e-06, 4.465827801928227e-06, 1.844518703085695e-06, 8.894500524716004e-06, 5.066127968293461e-06, 1.628800129897328e-06, 0.0, 5.61732403947439e-06, 8.315788304694564e-06, 0.0, 0.0, 1.5924951662702573e-06, 8.16796841232917e-06, 7.252698665359088e-06, 1.3402954494929245e-06, 5.199556015674347e-07, 2.57294841899385e-06, 1.322763409673722e-06, 2.949863926314565e-06, 1.9815622227503494e-06, 4.618428698993205e-07, 2.9321937785658e-06, 1.9415394507421666e-06, 3.77030899374618e-07, 5.184717937593294e-06, 0.0, 9.640183208551784e-07, 4.032710642318658e-06, 2.542289063173304e-06, 6.9802117182050015e-06, 1.5083623931721127e-06, 6.4999283401134915e-06, 1.5214529026221219e-05, 1.3016741958675257e-05, 3.317445378712885e-06, 4.898984346536409e-05, 3.1299214337564756e-07, 1.3228939105259488e-06, 1.2128282657206882e-06, 3.275446399060682e-06, 1.3938628398761902e-06, 3.847632960648446e-06, 5.5271077732167076e-06, 1.9731172525033795e-06, 6.154376945441372e-07, 1.1232981591920371e-05, 0.0, 9.262188034025865e-07, 0.0, 0.0, 5.5490059814093026e-06, 0.0, 5.008230072764149e-06, 2.7748518642082314e-06, 3.5515939883406815e-06, 7.156792654237294e-06, 8.852073539496801e-06, 3.756638936627842e-06, 1.5145167369698599e-05, 5.356320674661686e-06, 2.275457684661115e-06, 6.497056312161982e-06, 1.2872963423564059e-05, 0.0, 3.0437107471661314e-05, 9.894102447573334e-06, 1.6988135403500534e-06, 2.835463666850715e-06, 3.837779617318059e-07, 2.0590978399448587e-07, 5.826174196943062e-07, 0.0], [5.5843445444131995e-06, 9.465649121706232e-07, 2.755274336725502e-06, 5.29320958968344e-07, 2.022227113535969e-06, 1.4326720382742268e-06, 1.8796905010848417e-06, 1.5454802547216486e-05, 2.1555218560324257e-06, 7.495120986343471e-07, 0.2293057133036169, 0.0, 1.4605326455289151e-07, 1.7288855333192677e-07, 7.622826746838415e-07, 2.9464192497728783e-06, 5.159840273401058e-07, 2.2980110328280324e-06, 2.8350242521136145e-06, 5.919503148324729e-07, 7.419650376945235e-07, 3.6265325530917596e-07, 1.7484406248638227e-06, 3.727478776276852e-07, 9.415262532761656e-07, 0.0, 9.861697557175397e-07, 8.367989304825611e-07, 0.0, 0.0, 1.9770575639370483e-07, 3.057697425105625e-06, 7.031213975182693e-07, 2.01268290621643e-07, 1.2951332681064242e-07, 2.077809951942292e-07, 2.1189611956619043e-07, 3.423948152821347e-07, 2.0409643331397308e-07, 9.491697517519225e-08, 1.2131279357761972e-06, 9.211774382311108e-07, 4.7716161766481845e-08, 8.722886266426943e-07, 0.0, 1.6738563508073213e-07, 1.7418115657331417e-06, 1.4172690752458294e-06, 9.303344597437252e-07, 1.4976500576296867e-06, 6.735960582394367e-07, 2.549509279298818e-07, 1.2195373396568818e-06, 4.4710489648046366e-07, 2.5875896101937976e-06, 2.2227451360902007e-08, 1.2509993353289121e-07, 4.568217445439785e-07, 2.8937474400319676e-07, 3.3418744941743696e-07, 1.624809437296048e-06, 7.943872982501507e-07, 2.279144175121471e-07, 4.498445966689674e-08, 2.4257867867214436e-06, 0.0, 3.1801897176135706e-07, 0.0, 0.0, 1.262341629328926e-06, 0.0, 1.1330221801954395e-06, 2.5792633674362693e-07, 7.924007082572378e-07, 1.2331285025696599e-06, 1.4001028207651221e-06, 3.709992994831866e-07, 2.7120216222153834e-07, 1.256900097183451e-06, 2.2397827413194786e-07, 3.7475349586051666e-06, 1.1483425155865572e-06, 0.0, 2.0290428247992487e-06, 1.5179431913131523e-06, 2.2863959679559243e-07, 3.542190718540217e-07, 3.794772700768201e-08, 3.493439337101114e-08, 8.82307070883638e-08, 0.0], [0.0, 0.0, 0.0, 0.0, 0.0, 0.0, 0.0, 0.0, 0.0, 0.0, 0.0, 0.0, 0.0, 0.0, 0.0, 0.0, 0.0, 0.0, 0.0, 0.0, 0.0, 0.0, 0.0, 0.0, 0.0, 0.0, 0.0, 0.0, 0.0, 0.0, 0.0, 0.0, 0.0, 0.0, 0.0, 0.0, 0.0, 0.0, 0.0, 0.0, 0.0, 0.0, 0.0, 0.0, 0.0, 0.0, 0.0, 0.0, 0.0, 0.0, 0.0, 0.0, 0.0, 0.0, 0.0, 0.0, 0.0, 0.0, 0.0, 0.0, 0.0, 0.0, 0.0, 0.0, 0.0, 0.0, 0.0, 0.0, 0.0, 0.0, 0.0, 0.0, 0.0, 0.0, 0.0, 0.0, 0.0, 0.0, 0.0, 0.0, 0.0, 0.0, 0.0, 0.0, 0.0, 0.0, 0.0, 0.0, 0.0, 0.0, 0.0], [8.925871690291441e-06, 9.112602151186693e-07, 3.9178260185991706e-05, 6.999669332256536e-07, 1.21607077748697e-06, 5.6583297128920865e-06, 2.3441020161538786e-06, 2.4198067972944127e-06, 2.3294167216249147e-06, 4.034285419754442e-06, 1.4605326455289151e-07, 0.0, 0.24206227282932125, 2.028476712780626e-07, 7.098776586323765e-07, 2.1120424427908046e-06, 9.045736397131824e-07, 1.4976139865514326e-06, 7.2893575853102654e-06, 9.474778251783827e-07, 1.8019488280874226e-06, 3.6262410330941696e-07, 2.075401056836188e-06, 6.649971636590177e-07, 2.8729491786118864e-07, 0.0, 2.244863893991694e-06, 8.085547184716533e-07, 0.0, 0.0, 2.2671515421030754e-07, 1.6018203122181477e-06, 1.2022462323678407e-06, 4.283698807392184e-07, 2.1609017850955407e-07, 2.9424548560123644e-07, 2.0287516653588798e-07, 3.753962009181979e-07, 2.773530633071512e-07, 1.9385462888118493e-07, 5.6998892431943e-07, 2.925308344819867e-07, 5.843315086757809e-08, 1.2525812097505603e-06, 0.0, 7.841972033361291e-07, 1.033453796401893e-06, 6.834195794901582e-07, 1.6134332458872493e-06, 4.0408649747163754e-07, 1.8265238397991732e-06, 8.186433476925103e-07, 1.1066161668529567e-05, 6.367420705899607e-07, 1.4219166646917815e-05, 2.3455746325558533e-08, 4.1956691869556544e-07, 1.8960301862392793e-07, 8.04595730784762e-07, 2.878482328006764e-07, 9.291081655671376e-07, 8.480622268219958e-07, 5.113972534449723e-07, 4.5527622212423556e-08, 2.9607869281698205e-06, 0.0, 2.6695416669482416e-07, 0.0, 0.0, 1.8859372443842084e-06, 0.0, 8.046526294267791e-07, 3.141503576866234e-07, 1.3394036617101453e-06, 1.0912529357645704e-06, 1.0035211215734539e-06, 6.148941098313287e-07, 2.1886884764863014e-07, 7.633134651235424e-07, 2.6047829214275646e-07, 7.427081467989124e-07, 1.0136826911456326e-06, 0.0, 3.400891274002542e-06, 1.1445234387894535e-06, 5.313205963689865e-07, 5.605378239146565e-07, 9.106430372298283e-08, 3.930750258962754e-08, 9.155953778467415e-08, 0.0], [2.1028062526920998e-05, 6.28624532012854e-06, 3.3911953452832726e-05, 3.0297453307385317e-06, 3.877115402161782e-06, 1.0357551592040856e-05, 8.739591318943e-06, 1.3637936728607098e-05, 6.836752572562452e-06, 1.3038606446192763e-06, 1.7288855333192677e-07, 0.0, 2.028476712780626e-07, 0.20774820751538625, 6.836220459328319e-06, 1.0571249058475306e-05, 2.3443420092150917e-06, 4.2420312870246265e-06, 1.0812936192479233e-05, 3.929958776856875e-06, 3.7046766807271507e-06, 1.2058895661969163e-06, 7.248052163731982e-06, 9.32812157694282e-07, 1.3024314563870932e-06, 0.0, 4.484464007758729e-06, 1.379541693807785e-06, 0.0, 0.0, 2.2518216070650033e-06, 6.299585199523028e-06, 9.558109784049909e-06, 1.3296188307089639e-06, 3.5949761961301755e-07, 8.992649383523821e-07, 1.4055167146734797e-06, 2.4592814681313325e-06, 7.013457706095018e-07, 4.044734273698682e-07, 1.569398010941589e-06, 8.955692147689288e-07, 3.402621633655127e-07, 4.5625120804302425e-06, 0.0, 5.156269014637045e-07, 7.546523756271863e-06, 1.5719840133090405e-06, 3.6983200942458052e-06, 2.1122704798248088e-06, 4.57622166743401e-06, 8.124986962437555e-07, 2.027440166073656e-06, 2.616503540056143e-06, 2.5462149741352027e-06, 6.633974924766637e-08, 7.896490791918987e-07, 7.3300693834636e-07, 2.1746290852519875e-06, 8.020536093637748e-07, 2.4886012890098104e-06, 4.09668318636884e-06, 2.0738489418311027e-06, 2.0908428014001106e-07, 1.1820024150256919e-05, 0.0, 9.33439616855622e-07, 0.0, 0.0, 6.745527750841768e-06, 0.0, 3.948990561619995e-06, 1.780188175805728e-06, 2.507327541246944e-06, 8.653513682262415e-06, 8.6119085404038e-06, 2.5402602458399917e-06, 9.876850854611454e-07, 2.113112875784272e-06, 1.3695429967538181e-06, 6.41219879481042e-06, 4.1273446201905874e-06, 0.0, 1.8491671779864405e-05, 0.00034393790159520414, 9.142382587012648e-07, 1.6984585698977008e-06, 1.7642521000092328e-07, 1.322279399343106e-07, 4.884240828929544e-07, 0.0], [7.174675857876632e-05, 2.5862412114802913e-05, 0.0001029043988544411, 8.042593052687659e-06, 4.419806935160528e-05, 0.00013681454669362523, 7.020178190321065e-05, 2.025714035751837e-05, 3.355139806524575e-05, 4.518001698316764e-06, 7.622826746838415e-07, 0.0, 7.098776586323765e-07, 6.836220459328319e-06, 0.22413858080697355, 2.2011682460667507e-05, 1.9014601339705805e-05, 0.00011864669763700681, 4.7759947473368e-05, 1.0351662221038339e-05, 9.613687835959994e-06, 6.943717480401133e-06, 2.4142234300935756e-05, 5.2838007850863795e-06, 4.0618773325698215e-06, 0.0, 1.8370053936640793e-05, 6.778625669057182e-06, 0.0, 0.0, 5.246005664030967e-06, 9.334271564990293e-05, 2.5207629848299887e-05, 6.355462004661111e-06, 1.4204372063571058e-06, 3.212519248302255e-06, 3.506373460760365e-06, 4.735257224602467e-06, 2.404026992971921e-06, 1.8437570965217323e-06, 4.012893828925455e-06, 3.4177894754348364e-06, 6.8199083034689165e-06, 1.4377051677605837e-05, 0.0, 3.5726483259275042e-06, 1.732622026993636e-05, 1.0293397748960204e-05, 1.0198204863482389e-05, 9.64755570447914e-06, 1.431520761059775e-05, 2.773985030755829e-06, 6.92953288163734e-06, 1.5049916135039539e-05, 7.873523455368952e-06, 1.85117176422342e-07, 3.268415176503996e-06, 4.556483812496719e-06, 5.520202560578759e-06, 2.8032148638643445e-06, 7.900357571627718e-06, 0.001203853545252771, 3.4496082264344076e-05, 8.523300275026873e-07, 7.782293166848445e-05, 0.0, 4.506875847282847e-06, 0.0, 0.0, 5.1607930642905725e-05, 0.0, 1.2320045399030778e-05, 5.986094765110263e-06, 1.9496117888491593e-05, 1.2735015286076688e-05, 2.502570164090388e-05, 5.578638887375566e-06, 2.2429426156251512e-06, 2.0451315184331093e-05, 2.328724956097446e-06, 4.1163149208905924e-05, 2.084288820582203e-05, 0.0, 4.477243932724154e-05, 1.838997726372153e-05, 5.161231627515737e-06, 6.2628049564794e-06, 9.002208560097937e-07, 6.355659488430475e-07, 1.5158086708479038e-06, 0.0], [0.00017585582321580278, 5.833860256406631e-05, 0.00012153930033990428, 2.9603071030630814e-05, 0.0006278043297464941, 9.096185152094086e-05, 0.0002811906225164254, 9.956482779273145e-05, 9.430094167408902e-05, 2.2249795710928564e-05, 2.9464192497728783e-06, 0.0, 2.1120424427908046e-06, 1.0571249058475306e-05, 2.2011682460667507e-05, 0.25547876214336596, 0.0001647567819316202, 0.00017196074006088806, 0.00014947005292245734, 0.00010917242828617477, 9.104953883684038e-05, 1.88653544347156e-05, 0.00010674907106475542, 1.3316334483907581e-05, 1.5184682040341152e-05, 0.0, 3.5556246774866705e-05, 1.539970350685643e-05, 0.0, 0.0, 9.910584365426232e-06, 7.081011032431753e-05, 3.631201973311613e-05, 1.3534091393513105e-05, 7.347705907895332e-06, 2.2484411644757933e-05, 9.995007090692347e-06, 0.00023424302123011825, 2.548300186210388e-05, 3.4286106757524236e-06, 1.507249702945466e-05, 2.0996523025774068e-05, 4.744104836581501e-06, 4.12871536113612e-05, 0.0, 7.1687271873829835e-06, 5.181546763970456e-05, 2.218442617519534e-05, 4.0422193981837693e-05, 2.852682294783326e-05, 9.575903382094125e-05, 1.357245571124744e-05, 3.758293322282644e-05, 5.2252431160786606e-05, 2.5395827191305304e-05, 7.774633905736502e-07, 6.561855176948006e-06, 1.6503106755091442e-05, 3.308116045592814e-05, 2.5892037878306806e-05, 3.7880775056673345e-05, 4.532223313984274e-05, 1.68987265992142e-05, 3.787550568390937e-06, 0.00014195690923032836, 0.0, 6.568295018103237e-06, 0.0, 0.0, 4.3688631357281945e-05, 0.0, 2.81832225072014e-05, 1.8017643490222862e-05, 4.177846201908994e-05, 3.923843611642196e-05, 4.20676553628102e-05, 2.359034964971439e-05, 7.986983030526271e-06, 4.014984353728403e-05, 9.222069910330487e-06, 4.130806866412695e-05, 4.201558238287562e-05, 0.0, 8.550689567229389e-05, 0.00011959061700958401, 9.829236281459795e-06, 1.79528340576062e-05, 1.515124915953089e-06, 1.1687096305987372e-06, 4.307341833573671e-06, 0.0], [8.433841096409186e-05, 9.777181989815441e-06, 6.422453247770826e-05, 7.003217211315879e-06, 1.7000306772146375e-05, 1.7698381620237712e-05, 5.1766473122457314e-05, 2.0364005857344242e-05, 4.2833804689772174e-05, 3.4850915564964483e-06, 5.159840273401058e-07, 0.0, 9.045736397131824e-07, 2.3443420092150917e-06, 1.9014601339705805e-05, 0.0001647567819316202, 0.2883619451737643, 0.0011150769114043576, 0.00010519792143321113, 5.076934505284269e-05, 8.746155173963564e-05, 1.7576606937018004e-05, 8.342386432201213e-05, 1.2410423733757505e-05, 2.4456909992873404e-05, 0.0, 2.083955459155061e-05, 4.004752342290698e-06, 0.0, 0.0, 1.0798072310850987e-05, 1.9401188449055185e-05, 1.335901576988978e-05, 4.2233882529453856e-06, 1.923551726988689e-06, 2.9696296768874512e-06, 3.1147714440590716e-06, 8.243767822632497e-06, 5.730387850557923e-06, 1.5919376348717486e-06, 3.985096228123247e-06, 4.37501074111268e-06, 1.4282070402384187e-06, 2.0022351823556327e-05, 0.0, 2.1336233941594727e-06, 1.7274457248116548e-05, 9.504120912967495e-06, 1.013144513587513e-05, 6.828866358346991e-06, 2.086707617394657e-05, 3.874584900506701e-06, 1.2574933444499566e-05, 1.2594336968437903e-05, 1.1447888910322065e-05, 2.732662544412981e-07, 3.5250946141184216e-06, 3.918193349083315e-06, 8.141998167704982e-06, 8.23047916592214e-06, 9.838584998876597e-06, 0.00013560215476752125, 6.371195782936036e-05, 1.6213021612725636e-05, 0.0002399877661422866, 0.0, 4.245547451232424e-06, 0.0, 0.0, 1.7224388833553944e-05, 0.0, 1.0278495861503568e-05, 4.976599624801257e-06, 0.0008439880332567251, 1.2666622385078901e-05, 1.5166524334701032e-05, 6.023363484824246e-06, 4.482816387376761e-05, 1.7343416464130136e-05, 6.122539919952532e-05, 1.54042006553807e-05, 1.8711435003506138e-05, 0.0, 5.859446270488386e-05, 1.692264602877302e-05, 6.190902417038926e-06, 5.253991245457545e-06, 1.2831258336093742e-06, 6.351856386048491e-07, 3.1863405398324636e-06, 0.0], [0.0004462846795720703, 3.106398238450368e-05, 5.587502531484925e-05, 1.161404377363471e-05, 2.383443257859075e-05, 2.4770781514342212e-05, 5.673774744257285e-05, 1.9824917835239145e-05, 4.799981773342428e-05, 5.342308412658289e-06, 2.2980110328280324e-06, 0.0, 1.4976139865514326e-06, 4.2420312870246265e-06, 0.00011864669763700681, 0.00017196074006088806, 0.0011150769114043576, 0.2823288381615489, 0.00027769857556132115, 0.00013185406047078158, 0.00013344066589903995, 3.697095970657966e-05, 9.802502874518497e-05, 1.9216088618553854e-05, 1.5173567570691192e-05, 0.0, 6.202725117311008e-05, 9.014269621798665e-06, 0.0, 0.0, 3.4162833658569276e-05, 3.519616896504588e-05, 4.834248490229132e-05, 7.566388867095446e-06, 2.770740090897149e-06, 5.368894713762876e-06, 5.6042895163102635e-06, 1.1803647054927153e-05, 8.57766518989566e-06, 2.7561392561282826e-06, 1.1820645172770359e-05, 9.009038740912835e-06, 3.1107828160097653e-06, 3.2853993135529156e-05, 0.0, 3.872740639354315e-06, 2.0592998611552278e-05, 3.232972735092152e-05, 2.6342200813688702e-05, 1.1343222080563928e-05, 1.937494047497979e-05, 9.431921731331798e-06, 1.4017287592512894e-05, 2.7772494610298618e-05, 1.97313242302747e-05, 3.662659064927718e-07, 8.753395142022109e-06, 0.00024144801177966918, 1.9842744857784393e-05, 6.313768879891882e-06, 3.831768420579122e-05, 0.00010952406860719924, 0.00014589329416192902, 2.458801654461829e-06, 0.00022675999622614733, 0.0, 9.990774664635396e-06, 0.0, 0.0, 2.3911323032915974e-05, 0.0, 1.8381532921942245e-05, 1.2107896734389556e-05, 6.491501261905395e-05, 1.4465060316905436e-05, 2.9733732813901244e-05, 2.889922478688562e-05, 6.5564335819565104e-06, 2.139081845241435e-05, 8.794979937779943e-06, 3.767318700957269e-05, 2.4942341558531207e-05, 0.0, 6.16019166966881e-05, 2.814063435831653e-05, 8.568841315564627e-06, 1.1472044806631392e-05, 2.7942144182174074e-06, 9.693072605125062e-07, 2.8525926185074766e-06, 0.0], [0.00018204367341774583, 0.0002579590221750203, 0.0004203340640791979, 0.0001587844702711699, 8.7725643641752e-05, 9.236680497861347e-05, 0.00014399362087898576, 7.52679154110303e-05, 0.0001255184642836378, 1.3875016804620954e-05, 2.8350242521136145e-06, 0.0, 7.2893575853102654e-06, 1.0812936192479233e-05, 4.7759947473368e-05, 0.00014947005292245734, 0.00010519792143321113, 0.00027769857556132115, 0.25783560304322184, 8.806065091977073e-05, 0.0010567842554060573, 7.868575552833728e-05, 0.00019602655178320634, 0.0034328531807837036, 3.192813725187776e-05, 0.0, 0.0001348017741441659, 1.3002493446395491e-05, 0.0, 0.0, 1.0129882229416133e-05, 7.792084857581538e-05, 3.9108152693527844e-05, 1.0266349252469213e-05, 4.367625847701936e-06, 9.816557986914927e-06, 7.79030829538788e-06, 2.0009388325014906e-05, 6.894004192999588e-06, 3.076489354755308e-06, 1.011472890123034e-05, 1.2804250551846846e-05, 2.8059405664380533e-06, 3.224096448077618e-05, 0.0, 5.608309865059354e-06, 2.511862256278782e-05, 1.4675907500194721e-05, 4.025685541439246e-05, 1.9133994417751364e-05, 3.059220003660952e-05, 9.522140256314305e-06, 2.2375034810889748e-05, 7.342958928543488e-05, 5.491938809055012e-05, 1.2297960310934603e-06, 5.0108587634442674e-05, 1.047862366016437e-05, 1.4987794155561774e-05, 1.0607050678534549e-05, 1.887664224522863e-05, 5.474242964201206e-05, 1.5547643002454696e-05, 3.010345725780226e-06, 9.80777391994035e-05, 0.0, 5.700499733922978e-06, 0.0, 0.0, 3.60794744955728e-05, 0.0, 2.0860416481758908e-05, 9.896001566184677e-06, 3.8300126558534766e-05, 6.988646823722027e-05, 3.350192062316697e-05, 1.8852005365660805e-05, 5.684283087831301e-06, 2.3441336444683682e-05, 5.771277505546372e-06, 3.311426753167956e-05, 4.873015844913165e-05, 0.0, 8.29634733099592e-05, 4.4304301954367544e-05, 8.927000156182787e-06, 1.6659001758490723e-05, 2.819908343321378e-06, 1.6709841776224606e-06, 4.403510601062859e-06, 0.0], [0.00011606552337235053, 8.580363707733472e-06, 3.8129341802052584e-05, 9.912176602278668e-06, 1.5511322529296694e-05, 1.867957646969359e-05, 2.636739923174586e-05, 2.076863529615987e-05, 3.183202326661905e-05, 4.930418959392366e-06, 5.919503148324729e-07, 0.0, 9.474778251783827e-07, 3.929958776856875e-06, 1.0351662221038339e-05, 0.00010917242828617477, 5.076934505284269e-05, 0.00013185406047078158, 8.806065091977073e-05, 0.25058934848397024, 0.0007408594277327363, 1.0004434933161578e-05, 4.5673143493169185e-05, 4.155400217252587e-06, 1.1023670048416416e-05, 0.0, 3.0634344616383165e-05, 4.2493068332725284e-06, 0.0, 0.0, 1.6710832303279842e-05, 1.680808676814731e-05, 3.957802158194608e-05, 3.801701051301557e-06, 1.2981237841277576e-06, 3.803941877875589e-06, 2.9736849620497766e-06, 7.994721403085418e-06, 2.19572477295586e-06, 2.3750741453458402e-06, 4.696090363471332e-06, 2.57270741944544e-06, 7.860998793083118e-07, 1.4403313137109349e-05, 0.0, 4.8578247508201165e-06, 1.1134863468295293e-05, 5.8475554742277585e-06, 1.6363662128473776e-05, 5.770973390755626e-06, 9.076432507482251e-06, 5.0899188797936315e-06, 2.015762423386348e-05, 1.7536391486505458e-05, 1.9902536267217095e-05, 2.8405541060033576e-07, 4.23818657030571e-06, 6.1000239633805065e-06, 5.707148817317906e-06, 3.1631220055257397e-06, 9.533380849843536e-06, 1.7129156686816826e-05, 7.5823146598665225e-06, 2.1015175090310272e-06, 5.693467900900918e-05, 0.0, 2.204748820097225e-06, 0.0, 0.0, 1.9540547667854412e-05, 0.0, 1.0637765203877091e-05, 5.215666342956653e-06, 1.6913758333272278e-05, 1.1659850447786219e-05, 1.4937128311623856e-05, 8.173260490624762e-06, 3.142240151118445e-06, 1.6790008918326557e-05, 2.896563196668979e-06, 3.856403629442029e-05, 1.8425773020220145e-05, 0.0, 4.464784209925397e-05, 1.501638845291207e-05, 3.365736383184943e-06, 3.040606581462623e-05, 1.0590192998404047e-06, 4.36154922688796e-07, 1.8238997948524918e-06, 0.0], [0.0002597497249842337, 1.4795166342689483e-05, 0.00010841644377962183, 1.276654971889699e-05, 2.2142507588726414e-05, 2.241500749247588e-05, 3.533119746283214e-05, 2.084333812098788e-05, 3.1249962796439124e-05, 4.465827801928227e-06, 7.419650376945235e-07, 0.0, 1.8019488280874226e-06, 3.7046766807271507e-06, 9.613687835959994e-06, 9.104953883684038e-05, 8.746155173963564e-05, 0.00013344066589903995, 0.0010567842554060573, 0.0007408594277327363, 0.25026210665087856, 0.0002939525314861229, 8.776579363793897e-05, 2.8698303346589193e-05, 5.315406494651801e-05, 0.0, 3.6607307551744194e-05, 5.119418216066262e-06, 0.0, 0.0, 1.1023238193548081e-05, 1.9626675818188024e-05, 2.246969725232768e-05, 1.0423212488780579e-05, 1.1286736862518864e-06, 4.4307281851472e-06, 2.97512986551249e-06, 4.846315077255035e-06, 3.6199089842168534e-06, 1.5516605177906317e-06, 4.5428558309930075e-06, 3.1731878843419625e-06, 1.4440636363113162e-06, 4.4985222540034296e-05, 0.0, 3.6895225603074654e-06, 1.6364840259103237e-05, 9.136405679651893e-06, 1.6710134983440587e-05, 1.0900540883811034e-05, 1.9150574851905475e-05, 6.403979080600668e-06, 1.151323790604191e-05, 5.0317440332891914e-05, 1.4694815504801834e-05, 4.5332089198664715e-07, 5.0556540113011396e-06, 3.492407863758431e-06, 4.46205780177528e-05, 4.242125822152783e-06, 1.5611852305892492e-05, 1.7630882287815153e-05, 9.065052321760462e-06, 1.3373926697184697e-06, 3.2123546350849765e-05, 0.0, 2.9749621049898614e-06, 0.0, 0.0, 1.706227498995992e-05, 0.0, 1.278964992186167e-05, 5.319552024358267e-06, 2.7245626136603758e-05, 1.5021370226114679e-05, 1.480501886981056e-05, 7.755526960631948e-06, 3.359441747736269e-06, 2.1714112580614785e-05, 6.770104937557767e-06, 1.9285209741846743e-05, 4.669309897732534e-05, 0.0, 8.904267060290702e-05, 2.27870120579104e-05, 4.673108954570071e-06, 6.6556134873353765e-06, 1.0791618203673717e-06, 5.749602094900134e-07, 2.767385504351259e-06, 0.0], [4.103854330337297e-05, 4.902223403131261e-06, 6.73382970478623e-05, 3.233260458364043e-06, 7.83101965132264e-06, 6.782061595131895e-06, 1.2867647207247265e-05, 9.297623792583815e-06, 1.0356201784429762e-05, 1.844518703085695e-06, 3.6265325530917596e-07, 0.0, 3.6262410330941696e-07, 1.2058895661969163e-06, 6.943717480401133e-06, 1.88653544347156e-05, 1.7576606937018004e-05, 3.697095970657966e-05, 7.868575552833728e-05, 1.0004434933161578e-05, 0.0002939525314861229, 0.23628648020869294, 3.224943019243729e-05, 3.35497201105138e-06, 2.8537050826973507e-06, 0.0, 9.712828542016897e-06, 5.034885931892825e-06, 0.0, 0.0, 3.90670351235965e-06, 1.0042797153795259e-05, 4.8860959083504824e-05, 1.8174851666036513e-06, 8.820305827938014e-07, 2.2995973332476575e-06, 1.0548677505647306e-06, 1.748730912307356e-06, 2.09363562534699e-06, 1.1364556110983677e-06, 2.048489712395675e-06, 1.2289420039794301e-06, 3.994556596928429e-07, 6.835786039752072e-06, 0.0, 1.1985696644697648e-06, 4.974813979071932e-06, 4.8532529199836735e-06, 6.421874899090969e-06, 2.55455103393